-11 0 3.1e-07 3.67e-62 2.18e-76 5.22e-58 3.7e-57 0
-10.8 0 2.8e-07 4.46e-33 4.66e-33 2.72e-77 3.12e-33 0.000618
-10.6 0 2.9e-07 8.6e-67 2.63e-52 3.43e-86 3.83e-86 0.00135
-10.4 0 5e-07 1.57e-76 2.72e-77 3.69e-57 2.22e-52 0.0022
-10.2 0 4.3e-07 2.63e-52 3.43e-86 2.91e-33 2.63e-264 0.00321
-10 0 7e-07 2.63e-264 1.26e-71 2.63e-52 3.43e-86 0.0044
-9.8 0 6.5e-07 6.12e-62 2.52e-52 2.72e-77 3.86e-57 0.00579
-9.6 0 8.7e-07 1.26e-71 2.63e-52 3.43e-86 3.43e-86 0.00743
-9.4 0 1.37e-06 1.78e-72 1.3e-90 3.51e-33 1.25e-47 0.00934
-9.2 0 1.51e-06 6.75e-67 1.78e-72 1.78e-72 1.3e-90 0.0116
-9 0 2.2e-06 4.02e-57 1.69e-52 6.02e-67 1.47e-43 0.0142
-8.8 0 1.71e-06 9.06e-43 2.91e-33 2.91e-33 2.72e-77 0.0172
-8.6 0 2.06e-06 1e-47 4.27e-33 4.27e-33 3.43e-86 0.0207
-8.4 0 3.45e-06 1.78e-72 1.17e-67 1.3e-90 1.11e-47 0.0248
-8.2 0 3.22e-06 9.16e-72 6.02e-67 9.63e-39 1.13e-42 0.0294
-8 0 6.2e-06 2.91e-33 1.03e-47 2.88e-264 3.7e-33 0.0348
-7.8 0 5.13e-06 1.9e-52 2.63e-52 2.26e-264 2.38e-264 0.0409
-7.6 0 4.83e-06 4.86e-33 1.37e-71 1.3e-76 2.18e-76 0.0479
-7.4 0 6.94e-06 2.74e-57 2.63e-52 3e-264 2.75e-264 0.0559
-7.2 0 6.85e-06 1.73e-47 1.72e-47 1.3e-76 2.18e-76 0.0648
-7 0 1.06e-05 2e-76 4.27e-33 3.26e-86 7.41e-38 0.0748
-6.8 0 1.86e-05 3.43e-86 4.63e-86 4.3e-38 2.18e-76 0.0859
-6.6 0 1.48e-05 3.31e-33 2.63e-52 1.64e-259 4.86e-33 0.0983
-6.4 0 1.28e-05 1.78e-72 7.66e-63 1.3e-90 4.85e-33 0.112
-6.2 0 2.28e-05 3.63e-86 1.25e-47 1.3e-90 1.78e-72 0.127
-6 0 2.69e-05 9.64e-72 4.86e-33 1.37e-71 4.83e-86 0.143
-5.8 0 1.1e-05 3.12e-264 6.75e-67 2.81e+25 2.91e-33 0.16
-5.6 0 2e-05 4.86e-33 4.19e-62 2.91e-33 2.63e-52 0.179
-5.4 0 3.26e-05 6.75e-67 2.81e+25 6.01e-67 6.75e-67 0.199
-5.2 0 2.57e-05 6.75e-67 3.26 12.2 12.4 0.219
-5 0 3.01e-05 -1.47e-41 0 3.54e-266 3.54e-266 0.241
-4.8 0 3.44e-05 0 2 1.09e-06 2.64e-310 0.264
-4.6 0 4.2e-05 9.4 2 7.82e-07 0.000565 0.288
-4.4 0 4.35e-05 9.6 2 6.9e-07 0.000384 0.312
-4.2 0 4.27e-05 9.8 2 3.12e-07 0.000259 0.337
-4 0 4.27e-05 10 2 3.8e-07 0.000175 0.363
-3.8 0 7.38e-05 10.2 2 1.95e-07 0.000117 0.389
-3.6 0 6.13e-05 10.4 2 1.83e-07 7.89e-05 0.415
-3.4 0 8.09e-05 10.6 2 6.45e-08 5.29e-05 0.442
-3.2 0 6.53e-05 10.8 2 5.21e-08 3.55e-05 0.468
-3 0 7.21e-05 11 2 3.1e-08 2.38e-05 0.495
-2.8 0 8.49e-05 11.2 2 3.96e-08 1.6e-05 0.522
-2.6 0 8.17e-05 11.4 2 2.33e-08 1.07e-05 0.548
-2.4 0 5.1e-05 11.6 2 1.38e-08 7.18e-06 0.573
-2.2 0 8.45e-05 11.8 2 6.61e-09 4.81e-06 0.598
-2 0 6.46e-05 12 2 4.9e-09 3.23e-06 0.622
-1.8 0 8.59e-05 12.2 2 2.69e-09 2.16e-06 0.645
-1.6 0 7.29e-05 12.4 2 1.7e-09 1.45e-06 0.666
-1.4 0 0.000103 12.6 2 9.77e-10 9.72e-07 0.686
-1.2 0 5.47e-05 1.64e-310 -11 1.63e-05 9.41e-09 0.705
-1 0 8.17e-05 0 -10.8 2.2e-05 1.08e-08 0.722
-0.8 0 6.7e-05 9.53e-312 -1.47e-41 2.06e-260 2e-08 0.737
-0.6 0 3.63e-05 0 -10.4 4.01e-05 2.73e-08 0.751
-0.4 0 4.95e-05 9.53e-312 -1.47e-41 2.06e-260 3.13e-08 0.762
-0.2 0 1.36e-05 0 -10 7.31e-05 5.54e-08 0.773
0 0 2.63e-05 0 -9.8 9.85e-05 8.2e-08 0.781
0.2 0 3.53e-05 0 -9.6 0.000133 7.57e-08 0.788
0.4 0 3.51e-05 0 -9.4 0.000179 1.02e-07 0.793
0.6 0 1.61e-05 8.23e-311 -12 1.63e-05 9.41e-09 0.797
0.8 0 7.85e-06 5.36e-05 -11.6 2.97e-05 2e-08 0.799
1 0 0 0.000214 -11.2 5.41e-05 3.13e-08 0.8
1.2 0 7.85e-06 0.000483 -10.8 9.85e-05 8.2e-08 0.799
1.4 0 1.61e-05 0.000933 -10.4 0.000179 1.02e-07 0.797
1.6 0 3.51e-05 0.00168 -10 0.000326 2.11e-07 0.793
1.8 0 3.53e-05 0.00291 -9.6 0.000591 4.94e-07 0.788
2 0 2.63e-05 0.00491 -9.2 0.00107 9.56e-07 0.781
2.2 0 1.36e-05 0.0081 -8.8 0.00193 7.68e-07 0.773
2.4 0 4.95e-05 0.0131 -8.4 0.00343 2.05e-06 0.762
2.6 0 3.63e-05 0.0206 -8 0.00601 5.13e-06 0.751
2.8 0 6.7e-05 0.0317 -7.6 0.0103 4.97e-06 0.737
3 0 8.17e-05 0.0471 -7.2 0.0172 8.86e-06 0.722
3.2 0 5.47e-05 0.0675 -6.8 0.0276 1.62e-05 0.705
3.4 0 0.000103 0.0929 -6.4 0.0424 1.94e-05 0.686
3.6 0 7.29e-05 0.123 -6 0.0625 2.85e-05 0.666
3.8 0 8.59e-05 0.156 -5.6 0.0884 4.14e-05 0.645
4 0 6.46e-05 0.192 -5.2 0.12 3.27e-05 0.622
4.2 0 8.45e-05 0.23 -4.8 0.158 3.46e-05 0.598
4.4 0 5.1e-05 0.27 -4.4 0.202 4.89e-05 0.573
4.6 0 8.17e-05 0.312 -4 0.251 8.22e-05 0.548
4.8 0 8.49e-05 0.357 -3.6 0.308 7.13e-05 0.522
5 0 7.21e-05 0.403 -3.2 0.37 4.5e-05 0.495
5.2 0 6.53e-05 0.448 -2.8 0.439 5.58e-05 0.468
5.4 0 8.09e-05 0.491 -2.4 0.514 4.82e-05 0.442
5.6 0 6.13e-05 0.527 -2 0.592 4.13e-05 0.415
5.8 0 7.38e-05 0.556 -1.6 0.673 7.01e-05 0.389
6 0 4.27e-05 0.576 -1.2 0.755 4.13e-05 0.363
6.2 0 4.27e-05 0.589 -0.8 0.837 3.64e-05 0.337
6.4 0 4.35e-05 0.596 -0.4 0.919 1.03e-05 0.312
6.6 0 4.2e-05 0.599 0 1 0 0.288
6.8 0 3.44e-05 0.599 0.4 1.08 1.03e-05 0.264
7 0 3.01e-05 0.596 0.8 1.16 3.64e-05 0.241
7.2 0 2.57e-05 0.589 1.2 1.25 4.13e-05 0.219
7.4 0 3.26e-05 0.576 1.6 1.33 7.01e-05 0.199
7.6 0 2e-05 0.556 2 1.41 4.13e-05 0.179
7.8 0 1.1e-05 0.527 2.4 1.49 4.82e-05 0.16
8 0 2.69e-05 0.491 2.8 1.56 5.58e-05 0.143
8.2 0 2.28e-05 0.448 3.2 1.63 4.5e-05 0.127
8.4 0 1.28e-05 0.403 3.6 1.69 7.13e-05 0.112
8.6 0 1.48e-05 0.357 4 1.75 8.22e-05 0.0983
8.8 0 1.86e-05 0.312 4.4 1.8 4.89e-05 0.0859
9 0 1.06e-05 0.27 4.8 1.84 3.46e-05 0.0748
9.2 0 6.85e-06 0.23 5.2 1.88 3.27e-05 0.0648
9.4 0 6.94e-06 0.192 5.6 1.91 4.14e-05 0.0559
9.6 0 4.83e-06 0.156 6 1.94 2.85e-05 0.0479
9.8 0 5.13e-06 0.123 6.4 1.96 1.94e-05 0.0409
10 0 6.2e-06 0.0929 6.8 1.97 1.62e-05 0.0348
10.2 0 3.22e-06 0.0675 7.2 1.98 8.86e-06 0.0294
10.4 0 3.45e-06 0.0471 7.6 1.99 4.97e-06 0.0247
10.6 0 2.06e-06 0.0317 8 1.99 5.13e-06 0.0207
10.8 0 1.71e-06 0.0207 8.4 2 2.05e-06 0.0172
11 0 2.2e-06 0.0131 8.8 2 7.68e-07 0.0142
11.2 0 1.51e-06 0.00813 9.2 2 9.56e-07 0.0116
11.4 0 1.37e-06 0.00494 9.6 2 4.94e-07 0.00934
11.6 0 8.7e-07 0.00293 10 2 2.11e-07 0.00743
11.8 0 6.5e-07 0.00171 10.4 2 1.02e-07 0.0058
12 0 7e-07 0.000975 10.8 2 8.2e-08 0.00441
12.2 0 4.3e-07 0.00052 11.2 2 3.13e-08 0.00323
12.4 0 5e-07 0.000244 11.6 2 2e-08 0.00222
12.6 0 2.9e-07 9e-05 12 2 9.41e-09 0.00136
12.8 0 2.8e-07 -10.6 -10.4 -10.2 -10 0.000637
13 0 3.1e-07 -9 -8.8 -8.6 -8.4 1.82e-05
