-10.4 0.0203 0 1 0 0 0
-10 0.0249 0 1 0 0 0
-9.6 0.0304 0 1 0 0 0
-9.2 0.0369 0 1 0 0 0
-8.8 0.0447 0 1 0 0 0
-8.4 0.0539 0 1 0 0 0
-8 0.0646 0 1 0 0 0
-7.6 0.0771 0 1 0 0 0
-7.2 0.0914 0 1 0 0 0
-6.8 0.108 0 1 0 0 0
-6.4 0.126 0 1 0 0 0
-6 0.147 0 1 0 0 0
-5.6 0.17 0 1 0 0 0
-5.2 0.195 0 1 0 0 0
-4.8 0.222 0 1 0 0 0
-4.4 0.251 0 1 0 0 0
-4 0.283 0 1 0 0 0
-3.6 0.316 0 1 0 0 0
-3.2 0.35 0 1 0 0 0
-2.8 0.387 0 1 0 0 0
-2.4 0.424 0 1 0 0 0
-2 0.462 0 1 0 0 0
-1.6 0.5 0 1 0 0 0
-1.2 0.538 0 1 0 0 0
-0.8 0.576 0 1 0 0 0
-0.4 0.614 0 1 0 0 0
8.88e-15 0.65 0 1 0 0 0
0.4 0.685 0 1 0 0 0
0.8 0.719 0 1 0 0 0
1.2 0.751 0 1.1 0 0 0
1.6 0.78 0 1.11 0 0 0
2 0.808 0 1.11 0 0 0
2.4 0.834 0 1.12 0 0 0
2.8 0.857 0 1.12 0 0 0
3.2 0.878 0 1.12 0 0 0
3.6 0.898 0 1.12 0 0 0
4 0.915 0 1.13 0 0 0
4.4 0.93 0 1.13 0 0 0
4.8 0.944 0 1.13 0 0 0
5.2 0.956 0 1.12 0 0 0
5.6 0.967 0 1.12 0 0 0
6 0.977 0 1.12 0 0 0
6.4 0.987 0 1.11 0 0 0
6.8 0.996 0 1.1 0 0 0
7.2 1 0 1.09 0 0 0
7.6 1.01 0 1.08 0 0 0
8 1.02 0 1.07 0 0 0
8.4 1.03 0 1.05 0 0 0
8.8 1.04 0 1.03 0 0 0
9.2 1.06 0 1.01 0 0 0
9.6 1.07 0 0.979 0 0 0
10 1.09 0 0.948 0 0 0
10.4 1.1 0 0.915 0 0 0
10.8 1.12 0 0.879 0 0 0
11.2 1.14 0 0.84 0 0 0
11.6 1.17 0 0.798 0 0 0
12 1.19 0 0.754 0 0 0
12.4 1.22 0 0.708 0 0 0
12.8 1.25 0 0.661 0 0 0
13.2 1.28 0 0.614 0 0 0
13.6 1.31 0 0.567 0 0 0
14 1.35 0 0.521 0 0 0
14.4 1.39 0 0.475 0 0 0
14.8 1.42 0 0.432 0 0 0
15.2 1.46 0 0.39 0 0 0
15.6 1.5 0 0.351 0 0 0
16 1.54 0 0.314 0 0 0
16.4 1.58 0 0.279 0 0 0
16.8 1.61 0 0.247 0 0 0
17.2 1.65 0 0.218 0 0 0
17.6 1.68 0 0.191 0 0 0
18 1.72 0 0.166 0 0 0
18.4 1.75 0 0.145 0 0 0
18.8 1.78 0 0.125 0 0 0
19.2 1.81 0 0.107 0 0 0
19.6 1.83 0 0.0919 0 0 0
20 1.85 0 0.0783 0 0 0
20.4 1.87 0 0.0665 0 0 0
20.8 1.89 0 0.0562 0 0 0
21.2 1.91 0 0.0473 0 0 0
21.6 1.92 0 0.0397 0 0 0
22 1.94 0 0.0332 0 0 0
22.4 1.95 0 0.0276 0 0 0
22.8 1.96 0 0.023 0 0 0
23.2 1.96 0 0.0191 0 0 0
23.6 1.97 0 0.0158 0 0 0
24 1.97 0 0.0131 0 0 0
24.4 1.98 0 0.0108 0 0 0
24.8 1.98 0 0.00888 0 0 0
25.2 1.99 0 0.00731 0 0 0
25.6 1.99 0 0.00601 0 0 0
26 1.99 0 0.00494 0 0 0
26.4 1.99 0 0.00405 0 0 0
26.8 1.99 0 0.00333 0 0 0
27.2 2 0 0.00273 0 0 0
27.6 2 0 0.00224 0 0 0
28 2 0 0.00184 0 0 0
28.4 2 0 0.0015 0 0 0
28.8 2 0 0.00123 0 0 0
29.2 2 0 0.00101 0 0 0
29.6 2 0 0.000828 0 0 0
30 2 0 0.000679 0 0 0
30.4 2 0 0.000556 0 0 0
30.8 2 0 0.000455 0 0 0
31.2 2 0 0.000373 0 0 0
31.6 2 0 0.000305 0 0 0
32 2 0 0.00025 0 0 0
32.4 2 0 0.000205 0 0 0
32.8 2 0 0.000168 0 0 0
33.2 2 0 0.000137 0 0 0
33.6 2 0 0.000113 0 0 0
34 2 0 9.21e-05 0 0 0
34.4 2 0 7.54e-05 0 0 0
34.8 2 0 6.16e-05 0 0 0
35.2 2 0 5.05e-05 0 0 0
35.6 2 0 4.14e-05 0 0 0
36 2 0 3.39e-05 0 0 0
36.4 2 0 2.77e-05 0 0 0
36.8 2 0 2.27e-05 0 0 0
37.2 2 0 1.86e-05 0 0 0
37.6 2 0 1.52e-05 0 0 0
38 2 0 1.25e-05 0 0 0
38.4 2 0 1.02e-05 0 0 0
38.8 2 0 8.36e-06 0 0 0
39.2 2 0 6.84e-06 0 0 0
39.6 2 0 5.6e-06 0 0 0
40 2 0 4.59e-06 0 0 0
40.4 2 0 3.75e-06 0 0 0
40.8 2 0 3.07e-06 0 0 0
41.2 2 0 2.52e-06 0 0 0
41.6 2 0 2.06e-06 0 0 0
42 2 0 1.69e-06 0 0 0
42.4 2 0 1.38e-06 0 0 0
42.8 2 0 1.13e-06 0 0 0
43.2 2 0 9.26e-07 0 0 0
43.6 2 0 7.58e-07 0 0 0
44 2 0 6.21e-07 0 0 0
44.4 2 0 5.08e-07 0 0 0
44.8 2 0 4.16e-07 0 0 0
45.2 2 0 3.41e-07 0 0 0
45.6 2 0 2.79e-07 0 0 0
46 2 0 2.28e-07 0 0 0
46.4 2 0 1.87e-07 0 0 0
46.8 2 0 1.53e-07 0 0 0
47.2 2 0 1.25e-07 0 0 0
47.6 2 0 1.03e-07 0 0 0
48 2 0 8.4e-08 0 0 0
48.4 2 0 6.88e-08 0 0 0
48.8 2 0 5.63e-08 0 0 0
49.2 2 0 4.61e-08 0 0 0
49.6 2 0 3.78e-08 0 0 0
50 2 0 3.09e-08 0 0 0
50.4 2 0 2.53e-08 0 0 0
50.8 2 0 2.07e-08 0 0 0
51.2 2 0 1.7e-08 0 0 0
51.6 2 0 1.39e-08 0 0 0
52 2 0 1.14e-08 0 0 0
52.4 2 0 9.3e-09 0 0 0
52.8 2 0 7.62e-09 0 0 0
53.2 2 0 6.23e-09 0 0 0
53.6 2 0 5.11e-09 0 0 0
54 2 0 4.18e-09 0 0 0
54.4 2 0 3.42e-09 0 0 0
54.8 2 0 2.8e-09 0 0 0
55.2 2 0 2.3e-09 0 0 0
55.6 2 0 1.88e-09 0 0 0
56 2 0 1.54e-09 0 0 0
56.4 2 0 1.26e-09 0 0 0
56.8 2 0 1.03e-09 0 0 0
57.2 2 0 8.45e-10 0 0 0
57.6 2 0 6.91e-10 0 0 0
58 2 0 5.66e-10 0 0 0
58.4 2 0 4.63e-10 0 0 0
58.8 2 0 3.79e-10 0 0 0
59.2 2 0 3.11e-10 0 0 0
59.6 2 0 2.54e-10 0 0 0
60 2 0 2.08e-10 0 0 0
60.4 2 0 1.7e-10 0 0 0
60.8 2 0 1.4e-10 0 0 0
61.2 2 0 1.14e-10 0 0 0
61.6 2 0 9.35e-11 0 0 0
62 2 0 7.68e-11 0 0 0
62.4 2 0 6.32e-11 0 0 0
62.9 2 0 4.9e-11 0 0 0
63.6 2 0 3.25e-11 0 0 0
65.5 2 0 1.56e-11 0 0 0
68.8 2 0 4.12e-12 0 0 0
71.4 2 0 5.16e-13 0 0 0
74.1 2 0 0 0 0 0
78.1 2 0 0 0 0 0
80.3 2 0 0 0 0 0
84.1 2 0 0 0 0 0
86.1 2 0 4.67e-17 0 0 0
87 2 0 1.88e-16 0 0 0
