-8.6 0.024 0 1 0 0 0
-8.2 0.031 0 1 0 0 0
-7.8 0.0397 0 1 0 0 0
-7.4 0.0502 0 1 0 0 0
-7 0.0629 0 1 0 0 0
-6.6 0.078 0 1 0 0 0
-6.2 0.0956 0 1 0 0 0
-5.8 0.116 0 1 0 0 0
-5.4 0.139 0 1 0 0 0
-5 0.165 0 1 0 0 0
-4.6 0.194 0 1 0 0 0
-4.2 0.226 0 1 0 0 0
-3.8 0.261 0 1 0 0 0
-3.4 0.298 0 1 0 0 0
-3 0.337 0 1 0 0 0
-2.6 0.378 0 1 0 0 0
-2.2 0.421 0 1 0 0 0
-1.8 0.465 0 1 0 0 0
-1.4 0.509 0 1.08 0 0 0
-1 0.554 0 1.09 0 0 0
-0.6 0.598 0 1.1 0 0 0
-0.2 0.641 0 1.12 0 0 0
0.2 0.683 0 1.13 0 0 0
0.6 0.724 0 1.14 0 0 0
1 0.762 0 1.15 0 0 0
1.4 0.799 0 1.15 0 0 0
1.8 0.834 0 1.16 0 0 0
2.2 0.867 0 1.16 0 0 0
2.6 0.899 0 1.15 0 0 0
3 0.929 0 1.14 0 0 0
3.4 0.958 0 1.12 0 0 0
3.8 0.986 0 1.1 0 0 0
4.2 1.01 0 1.07 0 0 0
4.6 1.04 0 1.03 0 0 0
5 1.07 0 0.987 0 0 0
5.4 1.1 0 0.938 0 0 0
5.8 1.13 0 0.885 0 0 0
6.2 1.17 0 0.827 0 0 0
6.6 1.2 0 0.768 0 0 0
7 1.24 0 0.707 0 0 0
7.4 1.28 0 0.645 0 0 0
7.8 1.32 0 0.585 0 0 0
8.2 1.36 0 0.526 0 0 0
8.6 1.4 0 0.47 0 0 0
9 1.45 0 0.417 0 0 0
9.4 1.49 0 0.368 0 0 0
9.8 1.54 0 0.322 0 0 0
10.2 1.58 0 0.281 0 0 0
10.6 1.62 0 0.243 0 0 0
11 1.66 0 0.209 0 0 0
11.4 1.7 0 0.178 0 0 0
11.8 1.74 0 0.151 0 0 0
12.2 1.77 0 0.127 0 0 0
12.6 1.81 0 0.106 0 0 0
13 1.83 0 0.0884 0 0 0
13.4 1.86 0 0.073 0 0 0
13.8 1.88 0 0.0598 0 0 0
14.2 1.9 0 0.0487 0 0 0
14.6 1.92 0 0.0395 0 0 0
15 1.94 0 0.0318 0 0 0
15.4 1.95 0 0.0255 0 0 0
15.8 1.96 0 0.0203 0 0 0
16.2 1.97 0 0.0161 0 0 0
16.6 1.98 0 0.0127 0 0 0
17 1.98 0 0.0101 0 0 0
17.4 1.99 0 0.0079 0 0 0
17.8 1.99 0 0.0062 0 0 0
18.2 1.99 0 0.00486 0 0 0
18.6 1.99 0 0.00381 0 0 0
19 2 0 0.00298 0 0 0
19.4 2 0 0.00233 0 0 0
19.8 2 0 0.00181 0 0 0
20.2 2 0 0.00142 0 0 0
20.6 2 0 0.0011 0 0 0
21 2 0 0.000861 0 0 0
21.4 2 0 0.000671 0 0 0
21.8 2 0 0.000524 0 0 0
22.2 2 0 0.000408 0 0 0
22.6 2 0 0.000318 0 0 0
23 2 0 0.000248 0 0 0
23.4 2 0 0.000193 0 0 0
23.8 2 0 0.00015 0 0 0
24.2 2 0 0.000117 0 0 0
24.6 2 0 9.12e-05 0 0 0
25 2 0 7.1e-05 0 0 0
25.4 2 0 5.53e-05 0 0 0
25.8 2 0 4.31e-05 0 0 0
26.2 2 0 3.36e-05 0 0 0
26.6 2 0 2.61e-05 0 0 0
27 2 0 2.04e-05 0 0 0
27.4 2 0 1.59e-05 0 0 0
27.8 2 0 1.23e-05 0 0 0
28.2 2 0 9.61e-06 0 0 0
28.6 2 0 7.49e-06 0 0 0
29 2 0 5.84e-06 0 0 0
29.4 2 0 4.54e-06 0 0 0
29.8 2 0 3.54e-06 0 0 0
30.2 2 0 2.75e-06 0 0 0
30.6 2 0 2.14e-06 0 0 0
31 2 0 1.67e-06 0 0 0
31.4 2 0 1.3e-06 0 0 0
31.8 2 0 1.01e-06 0 0 0
32.2 2 0 7.9e-07 0 0 0
32.6 2 0 6.15e-07 0 0 0
33 2 0 4.79e-07 0 0 0
33.4 2 0 3.73e-07 0 0 0
33.8 2 0 2.9e-07 0 0 0
34.2 2 0 2.26e-07 0 0 0
34.6 2 0 1.76e-07 0 0 0
35 2 0 1.37e-07 0 0 0
35.4 2 0 1.07e-07 0 0 0
35.8 2 0 8.33e-08 0 0 0
36.2 2 0 6.48e-08 0 0 0
36.6 2 0 5.05e-08 0 0 0
37 2 0 3.93e-08 0 0 0
37.4 2 0 3.06e-08 0 0 0
37.8 2 0 2.38e-08 0 0 0
38.2 2 0 1.86e-08 0 0 0
38.6 2 0 1.45e-08 0 0 0
39 2 0 1.13e-08 0 0 0
39.4 2 0 8.78e-09 0 0 0
39.8 2 0 6.84e-09 0 0 0
40.2 2 0 5.32e-09 0 0 0
40.6 2 0 4.14e-09 0 0 0
41 2 0 3.23e-09 0 0 0
41.4 2 0 2.51e-09 0 0 0
41.8 2 0 1.96e-09 0 0 0
42.2 2 0 1.53e-09 0 0 0
42.6 2 0 1.19e-09 0 0 0
43 2 0 9.24e-10 0 0 0
43.4 2 0 7.19e-10 0 0 0
43.8 2 0 5.6e-10 0 0 0
44.2 2 0 4.36e-10 0 0 0
44.6 2 0 3.4e-10 0 0 0
45 2 0 2.65e-10 0 0 0
45.4 2 0 2.06e-10 0 0 0
45.8 2 0 1.61e-10 0 0 0
46.2 2 0 1.25e-10 0 0 0
46.6 2 0 9.75e-11 0 0 0
47 2 0 7.59e-11 0 0 0
47.4 2 0 5.91e-11 0 0 0
47.8 2 0 4.62e-11 0 0 0
48.2 2 0 3.54e-11 0 0 0
48.8 2 0 2.62e-11 0 0 0
49.2 2 0 1.9e-11 0 0 0
49.7 2 0 1.38e-11 0 0 0
50.1 2 0 1.01e-11 0 0 0
50.8 2 0 7.21e-12 0 0 0
51.3 2 0 5.04e-12 0 0 0
51.8 2 0 3.8e-12 0 0 0
52.3 2 0 2.76e-12 0 0 0
52.9 2 0 1.93e-12 0 0 0
53.5 2 0 1.35e-12 0 0 0
54.1 2 0 9.19e-13 0 0 0
54.7 2 0 6.22e-13 0 0 0
55.2 2 0 4.47e-13 0 0 0
55.7 2 0 3.22e-13 0 0 0
56.3 2 0 2.23e-13 0 0 0
57 2 0 1.5e-13 0 0 0
57.7 2 0 1.01e-13 0 0 0
58.2 2 0 6.52e-14 0 0 0
59 2 0 4.16e-14 0 0 0
59.6 2 0 2.81e-14 0 0 0
60.2 2 0 2.01e-14 0 0 0
60.7 2 0 1.44e-14 0 0 0
61.1 2 0 1.08e-14 0 0 0
61.6 2 0 8.39e-15 0 0 0
62 2 0 6.3e-15 0 0 0
62.6 2 0 4.52e-15 0 0 0
63.4 2 0 2.97e-15 0 0 0
63.9 2 0 1.87e-15 0 0 0
64.6 2 0 1.28e-15 0 0 0
65.1 2 0 9.32e-16 0 0 0
65.6 2 0 6.81e-16 0 0 0
66.1 2 0 5.17e-16 0 0 0
66.5 2 0 3.71e-16 0 0 0
67.1 2 0 2.59e-16 0 0 0
67.8 2 0 1.79e-16 0 0 0
68.2 2 0 1.31e-16 0 0 0
68.6 2 0 1.04e-16 0 0 0
69 2 0 8.12e-17 0 0 0
69.4 2 0 6.26e-17 0 0 0
69.9 2 0 4.76e-17 0 0 0
70.3 2 0 3.62e-17 0 0 0
70.7 2 0 2.76e-17 0 0 0
71.1 2 0 2.13e-17 0 0 0
71.6 2 0 1.61e-17 0 0 0
72 2 0 1.23e-17 0 0 0
72.4 2 0 9.68e-18 0 0 0
72.8 2 0 7.54e-18 0 0 0
73.2 2 0 5.87e-18 0 0 0
73.6 2 0 4.57e-18 0 0 0
74 2 0 3.56e-18 0 0 0
74.4 2 0 2.77e-18 0 0 0
74.8 2 0 2.16e-18 0 0 0
75.2 2 0 1.68e-18 0 0 0
75.6 2 0 1.31e-18 0 0 0
76 2 0 1.02e-18 0 0 0
76.4 2 0 7.94e-19 0 0 0
76.8 2 0 6.18e-19 0 0 0
77.2 2 0 4.82e-19 0 0 0
77.6 2 0 3.75e-19 0 0 0
78 2 0 2.92e-19 0 0 0
78.4 2 0 2.28e-19 0 0 0
78.8 2 0 1.77e-19 0 0 0
79.2 2 0 1.38e-19 0 0 0
79.6 2 0 1.07e-19 0 0 0
80 2 0 8.37e-20 0 0 0
80.4 2 0 6.52e-20 0 0 0
80.8 2 0 5.08e-20 0 0 0
81.2 2 0 3.95e-20 0 0 0
81.6 2 0 3.08e-20 0 0 0
82 2 0 2.4e-20 0 0 0
82.4 2 0 1.87e-20 0 0 0
82.8 2 0 1.46e-20 0 0 0
83.2 2 0 1.13e-20 0 0 0
83.6 2 0 8.83e-21 0 0 0
84 2 0 6.87e-21 0 0 0
84.4 2 0 5.35e-21 0 0 0
84.8 2 0 4.17e-21 0 0 0
85.2 2 0 3.25e-21 0 0 0
85.6 2 0 2.53e-21 0 0 0
86 2 0 1.97e-21 0 0 0
86.4 2 0 1.53e-21 0 0 0
86.8 2 0 1.19e-21 0 0 0
87.2 2 0 9.3e-22 0 0 0
87.6 2 0 7.24e-22 0 0 0
88 2 0 5.64e-22 0 0 0
88.4 2 0 4.39e-22 0 0 0
88.8 2 0 3.42e-22 0 0 0
89.2 2 0 2.66e-22 0 0 0
89.6 2 0 2.07e-22 0 0 0
90 2 0 1.62e-22 0 0 0
90.4 2 0 1.26e-22 0 0 0
90.8 2 0 9.81e-23 0 0 0
91.2 2 0 7.64e-23 0 0 0
91.6 2 0 5.95e-23 0 0 0
92 2 0 4.63e-23 0 0 0
92.4 2 0 3.61e-23 0 0 0
92.8 2 0 2.81e-23 0 0 0
93.2 2 0 2.19e-23 0 0 0
93.6 2 0 1.7e-23 0 0 0
94 2 0 1.33e-23 0 0 0
94.4 2 0 1.03e-23 0 0 0
94.8 2 0 8.03e-24 0 0 0
95.2 2 0 6.26e-24 0 0 0
95.6 2 0 4.88e-24 0 0 0
96 2 0 3.8e-24 0 0 0
96.4 2 0 2.96e-24 0 0 0
96.8 2 0 2.3e-24 0 0 0
97.2 2 0 1.79e-24 0 0 0
97.6 2 0 1.4e-24 0 0 0
98 2 0 1.09e-24 0 0 0
98.4 2 0 8.48e-25 0 0 0
98.8 2 0 6.61e-25 0 0 0
99.2 2 0 5.06e-25 0 0 0
99.6 2 0 3.98e-25 0 0 0
