-10.4 0.0203 0 1 0 0 0
-10 0.0249 0 1 0 0 0
-9.6 0.0304 0 1 0 0 0
-9.2 0.037 0 1 0 0 0
-8.8 0.0449 0 1 0 0 0
-8.4 0.0542 0 1 0 0 0
-8 0.0651 0 1 0 0 0
-7.6 0.0778 0 1 0 0 0
-7.2 0.0924 0 1 0 0 0
-6.8 0.109 0 1 0 0 0
-6.4 0.128 0 1 0 0 0
-6 0.149 0 1 0 0 0
-5.6 0.173 0 1 0 0 0
-5.2 0.199 0 1 0 0 0
-4.8 0.227 0 1 0 0 0
-4.4 0.257 0 1 0 0 0
-4 0.29 0 1 0 0 0
-3.6 0.324 0 1 0 0 0
-3.2 0.36 0 1 0 0 0
-2.8 0.398 0 1 0 0 0
-2.4 0.437 0 1 0 0 0
-2 0.477 0 1 0 0 0
-1.6 0.517 0 1.06 0 0 0
-1.2 0.557 0 1.06 0 0 0
-0.8 0.597 0 1.07 0 0 0
-0.4 0.637 0 1.08 0 0 0
-1.78e-15 0.676 0 1.08 0 0 0
0.4 0.713 0 1.08 0 0 0
0.8 0.75 0 1.08 0 0 0
1.2 0.785 0 1.08 0 0 0
1.6 0.819 0 1.08 0 0 0
2 0.851 0 1.07 0 0 0
2.4 0.883 0 1.06 0 0 0
2.8 0.913 0 1.05 0 0 0
3.2 0.943 0 1.03 0 0 0
3.6 0.971 0 1.01 0 0 0
4 1 0 0.981 0 0 0
4.4 1.03 0 0.951 0 0 0
4.8 1.06 0 0.917 0 0 0
5.2 1.09 0 0.879 0 0 0
5.6 1.12 0 0.838 0 0 0
6 1.15 0 0.794 0 0 0
6.4 1.18 0 0.747 0 0 0
6.8 1.21 0 0.699 0 0 0
7.2 1.25 0 0.65 0 0 0
7.6 1.29 0 0.6 0 0 0
8 1.32 0 0.551 0 0 0
8.4 1.36 0 0.503 0 0 0
8.8 1.4 0 0.456 0 0 0
9.2 1.44 0 0.411 0 0 0
9.6 1.48 0 0.369 0 0 0
10 1.52 0 0.329 0 0 0
10.4 1.56 0 0.292 0 0 0
10.8 1.6 0 0.258 0 0 0
11.2 1.64 0 0.227 0 0 0
11.6 1.67 0 0.198 0 0 0
12 1.71 0 0.172 0 0 0
12.4 1.74 0 0.149 0 0 0
12.8 1.77 0 0.128 0 0 0
13.2 1.8 0 0.11 0 0 0
13.6 1.83 0 0.0939 0 0 0
14 1.85 0 0.0798 0 0 0
14.4 1.87 0 0.0676 0 0 0
14.8 1.89 0 0.057 0 0 0
15.2 1.91 0 0.0478 0 0 0
15.6 1.92 0 0.0401 0 0 0
16 1.93 0 0.0335 0 0 0
16.4 1.95 0 0.0279 0 0 0
16.8 1.95 0 0.0231 0 0 0
17.2 1.96 0 0.0192 0 0 0
17.6 1.97 0 0.0159 0 0 0
18 1.97 0 0.0131 0 0 0
18.4 1.98 0 0.0108 0 0 0
18.8 1.98 0 0.0089 0 0 0
19.2 1.99 0 0.00732 0 0 0
19.6 1.99 0 0.00602 0 0 0
20 1.99 0 0.00495 0 0 0
20.4 1.99 0 0.00406 0 0 0
20.8 1.99 0 0.00333 0 0 0
21.2 2 0 0.00273 0 0 0
21.6 2 0 0.00224 0 0 0
22 2 0 0.00184 0 0 0
22.4 2 0 0.00151 0 0 0
22.8 2 0 0.00123 0 0 0
23.2 2 0 0.00101 0 0 0
23.6 2 0 0.000828 0 0 0
24 2 0 0.000679 0 0 0
24.4 2 0 0.000556 0 0 0
24.8 2 0 0.000456 0 0 0
25.2 2 0 0.000373 0 0 0
25.6 2 0 0.000305 0 0 0
26 2 0 0.00025 0 0 0
26.4 2 0 0.000205 0 0 0
26.8 2 0 0.000168 0 0 0
27.2 2 0 0.000137 0 0 0
27.6 2 0 0.000113 0 0 0
28 2 0 9.21e-05 0 0 0
28.4 2 0 7.54e-05 0 0 0
28.8 2 0 6.16e-05 0 0 0
29.2 2 0 5.05e-05 0 0 0
29.6 2 0 4.14e-05 0 0 0
30 2 0 3.39e-05 0 0 0
30.4 2 0 2.77e-05 0 0 0
30.8 2 0 2.27e-05 0 0 0
31.2 2 0 1.86e-05 0 0 0
31.6 2 0 1.52e-05 0 0 0
32 2 0 1.25e-05 0 0 0
32.4 2 0 1.02e-05 0 0 0
32.8 2 0 8.36e-06 0 0 0
33.2 2 0 6.84e-06 0 0 0
33.6 2 0 5.6e-06 0 0 0
34 2 0 4.59e-06 0 0 0
34.4 2 0 3.75e-06 0 0 0
34.8 2 0 3.07e-06 0 0 0
35.2 2 0 2.52e-06 0 0 0
35.6 2 0 2.06e-06 0 0 0
36 2 0 1.69e-06 0 0 0
36.4 2 0 1.38e-06 0 0 0
36.8 2 0 1.13e-06 0 0 0
37.2 2 0 9.26e-07 0 0 0
37.6 2 0 7.58e-07 0 0 0
38 2 0 6.21e-07 0 0 0
38.4 2 0 5.08e-07 0 0 0
38.8 2 0 4.16e-07 0 0 0
39.2 2 0 3.41e-07 0 0 0
39.6 2 0 2.79e-07 0 0 0
40 2 0 2.28e-07 0 0 0
40.4 2 0 1.87e-07 0 0 0
40.8 2 0 1.53e-07 0 0 0
41.2 2 0 1.25e-07 0 0 0
41.6 2 0 1.03e-07 0 0 0
42 2 0 8.4e-08 0 0 0
42.4 2 0 6.88e-08 0 0 0
42.8 2 0 5.63e-08 0 0 0
43.2 2 0 4.61e-08 0 0 0
43.6 2 0 3.78e-08 0 0 0
44 2 0 3.09e-08 0 0 0
44.4 2 0 2.53e-08 0 0 0
44.8 2 0 2.07e-08 0 0 0
45.2 2 0 1.7e-08 0 0 0
45.6 2 0 1.39e-08 0 0 0
46 2 0 1.14e-08 0 0 0
46.4 2 0 9.3e-09 0 0 0
46.8 2 0 7.62e-09 0 0 0
47.2 2 0 6.23e-09 0 0 0
47.6 2 0 5.11e-09 0 0 0
48 2 0 4.18e-09 0 0 0
48.4 2 0 3.42e-09 0 0 0
48.8 2 0 2.8e-09 0 0 0
49.2 2 0 2.3e-09 0 0 0
49.6 2 0 1.88e-09 0 0 0
50 2 0 1.54e-09 0 0 0
50.4 2 0 1.26e-09 0 0 0
50.8 2 0 1.03e-09 0 0 0
51.2 2 0 8.45e-10 0 0 0
51.6 2 0 6.91e-10 0 0 0
52 2 0 5.66e-10 0 0 0
52.4 2 0 4.63e-10 0 0 0
52.8 2 0 3.79e-10 0 0 0
53.2 2 0 3.11e-10 0 0 0
53.6 2 0 2.54e-10 0 0 0
54 2 0 2.08e-10 0 0 0
54.4 2 0 1.7e-10 0 0 0
54.8 2 0 1.4e-10 0 0 0
55.2 2 0 1.14e-10 0 0 0
55.6 2 0 9.35e-11 0 0 0
56 2 0 7.66e-11 0 0 0
56.4 2 0 6.27e-11 0 0 0
56.8 2 0 5.14e-11 0 0 0
57.2 2 0 4.2e-11 0 0 0
57.6 2 0 3.44e-11 0 0 0
58 2 0 2.82e-11 0 0 0
58.4 2 0 2.31e-11 0 0 0
58.8 2 0 1.88e-11 0 0 0
59.3 2 0 1.5e-11 0 0 0
59.8 2 0 1.14e-11 0 0 0
60.5 2 0 8.55e-12 0 0 0
60.9 2 0 6.57e-12 0 0 0
61.6 2 0 4.71e-12 0 0 0
62.4 2 0 2.78e-12 0 0 0
64.3 2 0 1.15e-12 0 0 0
66.4 2 0 3.58e-13 0 0 0
67.8 2 0 1.86e-13 0 0 0
68.8 2 0 8.1e-14 0 0 0
72.2 2 0 3.41e-14 0 0 0
73.8 2 0 4.55e-15 0 0 0
75.1 2 0 2.83e-15 0 0 0
77.3 2 0 2.06e-15 0 0 0
78.5 2 0 8.08e-16 0 0 0
80 2 0 3.58e-16 0 0 0
80.8 2 0 2.65e-16 0 0 0
82.4 2 0 1.62e-16 0 0 0
83.1 2 0 1.01e-16 0 0 0
83.5 2 0 7.69e-17 0 0 0
83.9 2 0 5.92e-17 0 0 0
85.4 2 0 3.85e-17 0 0 0
85.8 2 0 2.39e-17 0 0 0
