8.256880548210578930e-01 5.716760228264829991e-01 1.397364077647540892e+00 1.199999999999999956e+00 -8.232095450002256953e-01 3.260001203132565362e-01
8.320820383793497976e-01 5.650532440390430011e-01 1.397135282418392688e+00 1.199999999999999956e+00 -8.094649871298518207e-01 3.283474575328129141e-01
8.385788334395625210e-01 5.584341469491060916e-01 1.397012980388668613e+00 1.199999999999999956e+00 -7.958403916395573319e-01 3.306958746795012338e-01
8.449065240476268945e-01 5.517067081157263075e-01 1.396613232163353313e+00 1.199999999999999956e+00 -7.820437665892621126e-01 3.330610169007848231e-01
8.509269721112995288e-01 5.448315718662595231e-01 1.395758543977559052e+00 1.199999999999999956e+00 -7.679413598894546666e-01 3.354322976956841673e-01
8.570351267947531326e-01 5.379632906400522163e-01 1.394998417434805349e+00 1.199999999999999956e+00 -7.539609473625397129e-01 3.378040767940664324e-01
8.632323921840867609e-01 5.311048707771112154e-01 1.394337262961197865e+00 1.199999999999999956e+00 -7.401032590605147732e-01 3.401761542537397043e-01
8.695201950125254209e-01 5.242592649439719033e-01 1.393779459956497213e+00 1.199999999999999956e+00 -7.263689959732113621e-01 3.425483287704594315e-01
8.758999848791468867e-01 5.174293694445440961e-01 1.393329354323690872e+00 1.199999999999999956e+00 -7.127588298581928328e-01 3.449203977034412949e-01
8.823732344578828490e-01 5.106180217123890142e-01 1.392991256170271974e+00 1.199999999999999956e+00 -6.992734030824419023e-01 3.472921571013284914e-01
8.889414396957666664e-01 5.038279979830985189e-01 1.392769437678865074e+00 1.199999999999999956e+00 -6.859133284758778260e-01 3.496634017286097129e-01
8.956061199993563537e-01 4.970620111450873013e-01 1.392668131144443766e+00 1.199999999999999956e+00 -6.726791891969332582e-01 3.520339250924840457e-01
9.023688184081469776e-01 4.903227087666194306e-01 1.392691527174766408e+00 1.199999999999999956e+00 -6.595715386102032340e-01 3.544035194701673497e-01
9.092311017537789697e-01 4.836126712965610475e-01 1.392843773050340017e+00 1.199999999999999956e+00 -6.465909001763092689e-01 3.567719759366382304e-01
9.161945608037121991e-01 4.769344104360155323e-01 1.393128971239727676e+00 1.199999999999999956e+00 -6.337377673541464418e-01 3.591390843928181642e-01
9.232608103879949013e-01 4.702903676776103992e-01 1.393551178065605356e+00 1.199999999999999956e+00 -6.210126035155001389e-01 3.615046335941795586e-01
9.304314895076276626e-01 4.636829130089797357e-01 1.394114402516607454e+00 1.199999999999999956e+00 -6.084158418722118711e-01 3.638684111797802490e-01
9.370862623171649641e-01 4.568900011191684984e-01 1.393976263436333518e+00 1.199999999999999956e+00 -5.953914872545587045e-01 3.662302037017180489e-01
9.437058559820407089e-01 4.500898147978455444e-01 1.393795670779886198e+00 1.199999999999999956e+00 -5.823867574907879430e-01 3.685897966549999683e-01
9.504127162825868336e-01 4.433287253734090050e-01 1.393741441655995894e+00 1.199999999999999956e+00 -5.695122296762722414e-01 3.709469745078213809e-01
9.572079401935187359e-01 4.366089955668128186e-01 1.393816935760331610e+00 1.199999999999999956e+00 -5.567682770186150876e-01 3.733015207322509799e-01
9.640926313080285803e-01 4.299328131673863518e-01 1.394025444475414988e+00 1.199999999999999956e+00 -5.441552426640781093e-01 3.756532178353136353e-01
9.710678993820356375e-01 4.233022903435165185e-01 1.394370189725552045e+00 1.199999999999999956e+00 -5.316734396924402972e-01 3.780018473904679377e-01
9.781348598439897346e-01 4.167194630969075497e-01 1.394854322940897173e+00 1.199999999999999956e+00 -5.193231511248335153e-01 3.803471900694719299e-01
9.852946332685170727e-01 4.101862908556642151e-01 1.395480924124181232e+00 1.199999999999999956e+00 -5.071046299444148531e-01 3.826890256746304786e-01
9.925483448121505958e-01 4.037046562014373619e-01 1.396253001013588069e+00 1.199999999999999956e+00 -4.950180991300072719e-01 3.850271331714190670e-01
9.998971236093141535e-01 3.972763647257294695e-01 1.397173488335043512e+00 1.199999999999999956e+00 -4.830637517027396299e-01 3.873612907214775691e-01
1.007342102126640659e+00 3.909044659077997030e-01 1.398246568034440251e+00 1.199999999999999956e+00 -4.712417507856558885e-01 3.896887673822761466e-01
1.014884415473708001e+00 3.845909664676214756e-01 1.399475381941329477e+00 1.199999999999999956e+00 -4.595522296763414616e-01 3.920084607469495608e-01
1.022525200668090051e+00 3.783356089723440840e-01 1.400860809640434024e+00 1.199999999999999956e+00 -4.479952919325782545e-01 3.943235458744392963e-01
1.030185616201711118e+00 3.721127644722344030e-01 1.402298380673945521e+00 1.199999999999999956e+00 -4.365098592776543995e-01 3.966337986178465336e-01
1.037221626630369764e+00 3.657075204901099053e-01 1.402929147120479669e+00 1.199999999999999956e+00 -4.246123459868273997e-01 3.989389941983346732e-01
1.044337950262635095e+00 3.593621688087365040e-01 1.403700119071371599e+00 1.199999999999999956e+00 -4.128489378950650490e-01 4.012389072401159051e-01
1.051535199198067039e+00 3.530781576293718915e-01 1.404613356827439041e+00 1.199999999999999956e+00 -4.012196801069460861e-01 4.035333118057604085e-01
1.058813973210031456e+00 3.468568598712400419e-01 1.405670833081271498e+00 1.199999999999999956e+00 -3.897245887489830807e-01 4.058219814318193008e-01
1.066174858711223417e+00 3.406995737688041093e-01 1.406874432480027526e+00 1.199999999999999956e+00 -3.783636511238057665e-01 4.081046891647551189e-01
1.073618427674755349e+00 3.346075235576139173e-01 1.408225951232369155e+00 1.199999999999999956e+00 -3.671368258771128268e-01 4.103812075971713935e-01
1.081145236509606811e+00 3.285818602438298486e-01 1.409727096753436548e+00 1.199999999999999956e+00 -3.560440431774214431e-01 4.126513089043354343e-01
1.088755824889136914e+00 3.226236624525522512e-01 1.411379487341689165e+00 1.199999999999999956e+00 -3.450852049085657569e-01 4.149147648809835554e-01
1.096450714531407522e+00 3.167339373500981381e-01 1.413184651881505660e+00 1.199999999999999956e+00 -3.342601848747932536e-01 4.171713469784026906e-01
1.104230407930092639e+00 3.109136216355297133e-01 1.415144029565622352e+00 1.199999999999999956e+00 -3.235688290184892679e-01 4.194208263417825155e-01
1.112095387034702343e+00 3.051635825967875526e-01 1.417258969631489895e+00 1.199999999999999956e+00 -3.130109556504709900e-01 4.216629738478230860e-01
1.120046111878927331e+00 2.994846192268049156e-01 1.419530731105732357e+00 1.199999999999999956e+00 -3.025863556926573494e-01 4.238975601425977735e-01
1.128083019155908362e+00 2.938774633951790616e-01 1.421960482551087424e+00 1.199999999999999956e+00 -2.922947929331307648e-01 4.261243556796578402e-01
1.136206520739249104e+00 2.883427810710257333e-01 1.424549301810274837e+00 1.199999999999999956e+00 -2.821360042934761836e-01 4.283431307583714931e-01
1.143628528338772377e+00 2.826393913331575192e-01 1.426267919671929896e+00 1.199999999999999956e+00 -2.716037367001140623e-01 4.305536555624887574e-01
1.151065978220103148e+00 2.769925535626033275e-01 1.428058531782706364e+00 1.199999999999999956e+00 -2.611719062879318543e-01 4.327557001989243424e-01
1.158570800456386163e+00 2.714189765118496522e-01 1.429989776968235926e+00 1.199999999999999956e+00 -2.508740292462583454e-01 4.349490347367472864e-01
1.166142932443599456e+00 2.659192167402070206e-01 1.432062149183806365e+00 1.199999999999999956e+00 -2.407097940897990895e-01 4.371334292463721627e-01
1.173782278317148986e+00 2.604937690493531743e-01 1.434276047366502160e+00 1.199999999999999956e+00 -2.306788639737469282e-01 4.393086538389369688e-01
1.181488707554697593e+00 2.551430678556059206e-01 1.436631775410303513e+00 1.199999999999999956e+00 -2.207808770227188688e-01 4.414744787058662578e-01
1.189262053545778741e+00 2.498674885932972156e-01 1.439129542139075957e+00 1.199999999999999956e+00 -2.110154466710341126e-01 4.436306741586016344e-01
1.197102112128493046e+00 2.446673491457035388e-01 1.441769461274196473e+00 1.199999999999999956e+00 -2.013821620143261271e-01 4.457770106684977307e-01
1.205008640093754746e+00 2.395469198634042618e-01 1.444555559957159119e+00 1.199999999999999956e+00 -1.918805881721485918e-01 4.478942216195111459e-01
1.212981353657635042e+00 2.345023338039230465e-01 1.447483687461557977e+00 1.199999999999999956e+00 -1.825102666615743274e-01 4.499994156625654607e-01
1.221019926902430885e+00 2.295333595894767376e-01 1.450553286491907734e+00 1.199999999999999956e+00 -1.732707157815127630e-01 4.520941664073349631e-01
1.229123990187300342e+00 2.246401128604754716e-01 1.453764103047775702e+00 1.199999999999999956e+00 -1.641614310076331407e-01 4.541782475954034282e-01
1.237293128529300068e+00 2.198226592519754163e-01 1.457115787781275484e+00 1.199999999999999956e+00 -1.551818853977628976e-01 4.562514333263140709e-01
1.245526879955901389e+00 2.150810158924827409e-01 1.460607895848384130e+00 1.199999999999999956e+00 -1.463315300073713132e-01 4.583134980978405548e-01
1.253824733830213756e+00 2.104151529100609652e-01 1.464239886740274610e+00 1.199999999999999956e+00 -1.376097943152849723e-01 4.603642168463476514e-01
1.261355282475397965e+00 2.055974655163144149e-01 1.466952747991712380e+00 1.199999999999999956e+00 -1.285614759349442693e-01 4.624033649872401064e-01
1.268909183066836199e+00 2.008493225901403223e-01 1.469758505656976411e+00 1.199999999999999956e+00 -1.196305950494274128e-01 4.644307184554791190e-01
1.276508514507634029e+00 1.961770000792711910e-01 1.472685514586905331e+00 1.199999999999999956e+00 -1.108292513302053806e-01 4.664460537461668777e-01
1.284152423137530752e+00 1.915803986057366126e-01 1.475732821743267476e+00 1.199999999999999956e+00 -1.021568434801611858e-01 4.684491479551805004e-01
1.291840006874147351e+00 1.870593766309686101e-01 1.478899383505115850e+00 1.199999999999999956e+00 -9.361275075014052760e-02 4.704397788198505515e-01
1.299570314020562112e+00 1.826137519495488748e-01 1.482184065970110876e+00 1.199999999999999956e+00 -8.519633341118115766e-02 4.724177247596718643e-01
1.307342342077307373e+00 1.782433031788001054e-01 1.485585645256107590e+00 1.199999999999999956e+00 -7.690693323527852954e-02 4.743827649170363481e-01
1.315155036561119983e+00 1.739477712422662359e-01 1.489102807803386330e+00 1.199999999999999956e+00 -6.874387398447812103e-02 4.763346791979769512e-01
1.323007289832970335e+00 1.697268608452089378e-01 1.492734150678179272e+00 1.199999999999999956e+00 -6.070646190801021191e-02 4.782732483129139012e-01
1.330897939937901953e+00 1.655802419403811232e-01 1.496478181878283076e+00 1.199999999999999956e+00 -5.279398624723086186e-02 4.801982538173925064e-01
1.338825769459538018e+00 1.615075511825042609e-01 1.500333320642042167e+00 1.199999999999999956e+00 -4.500571974823941446e-02 4.821094781527983653e-01
1.346789504392077674e+00 1.575083933698064875e-01 1.504297897761884162e+00 1.199999999999999956e+00 -3.734091918169557545e-02 4.840067046870474288e-01
1.354787813032853450e+00 1.535823428713131156e-01 1.508370155904166676e+00 1.199999999999999956e+00 -2.979882586980853176e-02 4.858897177552299884e-01
1.362819304898635897e+00 1.497289450384736709e-01 1.512548249937109457e+00 1.199999999999999956e+00 -2.237866622006112749e-02 4.877583027002075911e-01
1.370882529669008365e+00 1.459477175999603915e-01 1.516830247268968757e+00 1.199999999999999956e+00 -1.507965226552521187e-02 4.896122459131460047e-01
1.378975976160265571e+00 1.422381520384325970e-01 1.521214128198698168e+00 1.199999999999999956e+00 -7.900982211362261864e-03 4.914513348739766863e-01
1.386605341182905793e+00 1.384803585649417856e-01 1.525085699747847467e+00 1.199999999999999956e+00 -6.098830419212220022e-04 4.932753581917730390e-01
1.393920880610471258e+00 1.347137625919465620e-01 1.528634643202417820e+00 1.199999999999999956e+00 6.716064028021939691e-03 4.950841056450367428e-01
1.401250394754561590e+00 1.310184423955831345e-01 1.532268837150144725e+00 1.199999999999999956e+00 1.392084963078854543e-02 4.968773682218753929e-01
1.408592238990090229e+00 1.273938655972427503e-01 1.535986104587332868e+00 1.199999999999999956e+00 2.100528101028231731e-02 4.986549381600678954e-01
1.415944717800617036e+00 1.238394778585957257e-01 1.539784195659212873e+00 1.199999999999999956e+00 2.797017669621570946e-02 5.004166089870011325e-01
1.423306084468151766e+00 1.203547041617362146e-01 1.543660788629888092e+00 1.199999999999999956e+00 3.481636593438253158e-02 5.021621755594745107e-01
1.430674540816019524e+00 1.169382172904313011e-01 1.547612758106450936e+00 1.199999999999999956e+00 4.154468811265665806e-02 5.038742771169680834e-01
1.438048237008005659e+00 1.135895745627902853e-01 1.551637811570795833e+00 1.199999999999999956e+00 4.815599218294330797e-02 5.055631089599701422e-01
1.445425271406730161e+00 1.103084129442291061e-01 1.555733684350959267e+00 1.199999999999999956e+00 5.465113607954563690e-02 5.072354628429162071e-01
1.452803690494447242e+00 1.070941025101243005e-01 1.559897793004571653e+00 1.199999999999999956e+00 6.103098613410029571e-02 5.088911421199513452e-01
1.460181488859337628e+00 1.039459984078742183e-01 1.564127487267211958e+00 1.199999999999999956e+00 6.729641648739992377e-02 5.105299516499087753e-01
1.467556609250458166e+00 1.008634419919754999e-01 1.568420051242433555e+00 1.199999999999999956e+00 7.344830849856265331e-02 5.121516978345276305e-01
1.474926942704399391e+00 9.784576193565275304e-02 1.572772704640052144e+00 1.199999999999999956e+00 7.948755015160458015e-02 5.137561886564612212e-01
1.482290328746894925e+00 9.489227531860655596e-02 1.577182604065501481e+00 1.199999999999999956e+00 8.541503546001028013e-02 5.153432337170670285e-01
1.489644555672286153e+00 9.200228869076931826e-02 1.581646844363055582e+00 1.199999999999999956e+00 9.123166386938219574e-02 5.169126442739683247e-01
1.496987360904089792e+00 8.917509911180532267e-02 1.586162460015895004e+00 1.199999999999999956e+00 9.693833965864762092e-02 5.184642332783749863e-01
1.504316431439499890e+00 8.640999516626879373e-02 1.590726426605768573e+00 1.199999999999999956e+00 1.025359713400550987e-01 5.199978154121571716e-01
1.511629404380867792e+00 8.370625795433495053e-02 1.595335662335202631e+00 1.199999999999999956e+00 1.080254710582799760e-01 5.215132071246563195e-01
1.518923867557004481e+00 8.106316205802011066e-02 1.599987029615024703e+00 1.199999999999999956e+00 1.134077539890459008e-01 5.230102266692278068e-01
1.525784097655667360e+00 7.839260311889872934e-02 1.604176700774566200e+00 1.199999999999999956e+00 1.188510759770631253e-01 5.244886941395024982e-01
1.532298293726979566e+00 7.571510789040269973e-02 1.608013401617382154e+00 1.199999999999999956e+00 1.243154586434673803e-01 5.259484315053589709e-01
1.538782897653410808e+00 7.309793408035414330e-02 1.611880831733764952e+00 1.199999999999999956e+00 1.296715772584251525e-01 5.273892626485934265e-01
1.545235653543957310e+00 7.054037621206366016e-02 1.615776029756021082e+00 1.199999999999999956e+00 1.349203180553724124e-01 5.288110133982811822e-01
1.551654273819306207e+00 6.804172521453710765e-02 1.619695999033843314e+00 1.199999999999999956e+00 1.400625676938069830e-01 5.302135115658173081e-01
1.558036440365837327e+00 6.560126928213927400e-02 1.623637709647976601e+00 1.199999999999999956e+00 1.450992126683372518e-01 5.315965869796250853e-01
1.564379805767966314e+00 6.321829471065243400e-02 1.627598100478618637e+00 1.199999999999999956e+00 1.500311387195178980e-01 5.329600715195279559e-01
1.570681994619590238e+00 6.089208671006374196e-02 1.631574081329653980e+00 1.199999999999999956e+00 1.548592302464655290e-01 5.343037991507686435e-01
1.576940604915100907e+00 5.862193019406947148e-02 1.635562535109170490e+00 1.199999999999999956e+00 1.595843697219665458e-01 5.356276059576710047e-01
1.583153209520273386e+00 5.640711054667479907e-02 1.639560320066948185e+00 1.199999999999999956e+00 1.642074371100870067e-01 5.369313301769318425e-01
1.589317357723252888e+00 5.424691436606432493e-02 1.643564272089317324e+00 1.199999999999999956e+00 1.687293092867294675e-01 5.382148122305352445e-01
1.595430576865460859e+00 5.214063018600356703e-02 1.647571207051464537e+00 1.199999999999999956e+00 1.731508594634592058e-01 5.394778947582782314e-01
1.601490374052321197e+00 5.008754917504165682e-02 1.651577923227362854e+00 1.199999999999999956e+00 1.774729566149346738e-01 5.407204226499007227e-01
1.607494237943133397e+00 4.808696581385885072e-02 1.655581203756992359e+00 1.199999999999999956e+00 1.816964649101828755e-01 5.419422430768078280e-01
1.613439640619577231e+00 4.613817855105051269e-02 1.659577819170627855e+00 1.199999999999999956e+00 1.858222431480722747e-01 5.431432055233790246e-01
1.619324039531743864e+00 4.424049043765920786e-02 1.663564529969403072e+00 1.199999999999999956e+00 1.898511441973376179e-01 5.443231618178506759e-01
1.625144879520654673e+00 4.239320974082028126e-02 1.667538089261475065e+00 1.199999999999999956e+00 1.937840144414257892e-01 5.454819661627673399e-01
1.630899594915786288e+00 4.059565053690483705e-02 1.671495245452691236e+00 1.199999999999999956e+00 1.976216932284167171e-01 5.466194751649917638e-01
1.636585611705873466e+00 3.884713328446864899e-02 1.675432744990342115e+00 1.199999999999999956e+00 2.013650123264358882e-01 5.477355478652604637e-01
1.642200349781233637e+00 3.714698537740446227e-02 1.679347335158638099e+00 1.199999999999999956e+00 2.050147953848204807e-01 5.488300457672865562e-01
1.647741225245204388e+00 3.549454167871557431e-02 1.683235766923919963e+00 1.199999999999999956e+00 2.085718574012691562e-01 5.499028328663899678e-01
1.653205652792415270e+00 3.388914503525042310e-02 1.687094797827665804e+00 1.199999999999999956e+00 2.120370041953725249e-01 5.509537756776543560e-01
1.658591048151082603e+00 3.233014677383150293e-02 1.690921194924914106e+00 1.199999999999999956e+00 2.154110318887392239e-01 5.519827432635994180e-01
1.663894830586388096e+00 3.081690717912388688e-02 1.694711737765512094e+00 1.199999999999999956e+00 2.186947263921137363e-01 5.529896072613633695e-01
1.669114425461662998e+00 2.934879595374406680e-02 1.698463221415407176e+00 1.199999999999999956e+00 2.218888628995809853e-01 5.539742419093810488e-01
1.674247266853851723e+00 2.792519266087944985e-02 1.702172459514731173e+00 1.199999999999999956e+00 2.249942053903968286e-01 5.549365240735609772e-01
1.678809404437328734e+00 2.645750621043019279e-02 1.705266910647758927e+00 1.199999999999999956e+00 2.281794738748192941e-01 5.558763332729408368e-01
1.683262396695425656e+00 2.503096815091199190e-02 1.708293364846337647e+00 1.199999999999999956e+00 2.312815684832063567e-01 5.567935517048249183e-01
1.687627966451103578e+00 2.364938599619281767e-02 1.711277352447296396e+00 1.199999999999999956e+00 2.342928286113856728e-01 5.576880642693898826e-01
1.691904014774775256e+00 2.231219545153073636e-02 1.714216210226306103e+00 1.199999999999999956e+00 2.372139474720658114e-01 5.585597585937525089e-01
1.696088464781603244e+00 2.101580235458477830e-02 1.717104267136188023e+00 1.199999999999999956e+00 2.400456052099642079e-01 5.593949945743911245e-01
1.700179263875423397e+00 1.976268482441212448e-02 1.719941948699835521e+00 1.199999999999999956e+00 2.427884684585528419e-01 5.602073676156064108e-01
1.704174386002994535e+00 1.855236393167281062e-02 1.722726749934667456e+00 1.199999999999999956e+00 2.454431899060329769e-01 5.609969762316157071e-01
1.708071833914437621e+00 1.738432803288858519e-02 1.725456161947326095e+00 1.199999999999999956e+00 2.480104078707849879e-01 5.617637208247897584e-01
1.711869641425691091e+00 1.625807779057442115e-02 1.728127719216265401e+00 1.199999999999999956e+00 2.504907458866254544e-01 5.625075045905572058e-01
1.715565875678666252e+00 1.517312649387514423e-02 1.730739002172541507e+00 1.199999999999999956e+00 2.528848122979647783e-01 5.632282335377715166e-01
1.719158639394684274e+00 1.412900036534325832e-02 1.733287639760027421e+00 1.199999999999999956e+00 2.551931998651495448e-01 5.639258165085062613e-01
1.722646073116662846e+00 1.312523885413929836e-02 1.735771311970802255e+00 1.199999999999999956e+00 2.574164853803200259e-01 5.646001651972700763e-01
1.726026357435588077e+00 1.216139491606571532e-02 1.738187752351653792e+00 1.199999999999999956e+00 2.595552292938521077e-01 5.652511941696370945e-01
1.729297715196517649e+00 1.123703528075925551e-02 1.740534750477277015e+00 1.199999999999999956e+00 2.616099753515994664e-01 5.658788208802846276e-01
1.732458413679484055e+00 1.035174070626820875e-02 1.742810154385752153e+00 1.199999999999999956e+00 2.635812502433179105e-01 5.664829656904368793e-01
1.735506766750658736e+00 9.505106221436632197e-03 1.745011872972095368e+00 1.199999999999999956e+00 2.654695632622594559e-01 5.670635518847065848e-01
1.738441136978991386e+00 8.696741356334469764e-03 1.747137878335325745e+00 1.199999999999999956e+00 2.672754059762549872e-01 5.676205056873306898e-01
1.741259937713548478e+00 7.926270361044207569e-03 1.749186208074592574e+00 1.199999999999999956e+00 2.689992519104391633e-01 5.681537562777939643e-01
1.743961635117055042e+00 7.193332413094721822e-03 1.751154967530149875e+00 1.199999999999999956e+00 2.706415562417916476e-01 5.686632358058382186e-01
1.746544750150686331e+00 6.497581813797892458e-03 1.753042331964484113e+00 1.199999999999999956e+00 2.722027555057060511e-01 5.691488794058509049e-01
1.749007860505758183e+00 5.838688173809836179e-03 1.754846548679568130e+00 1.199999999999999956e+00 2.736832673146487593e-01 5.696106252106289958e-01
1.751349602477558776e+00 5.216336588078518410e-03 1.756565939065637405e+00 1.199999999999999956e+00 2.750834900892513701e-01 5.700484143645149215e-01
1.753568672776937731e+00 4.630227800515474001e-03 1.758198900577453205e+00 1.199999999999999956e+00 2.764038028018109827e-01 5.704621910358993464e-01
1.755663830275353998e+00 4.080078358585037535e-03 1.759743908633939036e+00 1.199999999999999956e+00 2.776445647324292665e-01 5.708519024290886756e-01
1.757633897678879231e+00 3.565620758029797166e-03 1.761199518436908917e+00 1.199999999999999956e+00 2.788061152379377461e-01 5.712174987955329630e-01
1.759477763127320182e+00 3.086603577978186408e-03 1.762564366705298369e+00 1.199999999999999956e+00 2.798887735336794691e-01 5.715589334444085567e-01
1.761194381714302093e+00 2.642791606563665852e-03 1.763837173320865759e+00 1.199999999999999956e+00 2.808928384884135099e-01 5.718761627525591473e-01
1.762782776924496364e+00 2.233965957365913191e-03 1.765016742881862388e+00 1.199999999999999956e+00 2.818185884322241819e-01 5.721691461737827833e-01
1.764242041984470877e+00 1.859924176729865763e-03 1.766101966161200743e+00 1.199999999999999956e+00 2.826662809777840124e-01 5.724378462474701834e-01
1.765571341123546079e+00 1.520480342198426982e-03 1.767091821465744506e+00 1.199999999999999956e+00 2.834361528549358411e-01 5.726822286065867962e-01
1.766769910741613048e+00 1.215465152184624920e-03 1.767985375893797784e+00 1.199999999999999956e+00 2.841284197587485849e-01 5.729022619850007159e-01
1.767837060480709654e+00 9.447260070848395586e-04 1.768781786487794605e+00 1.199999999999999956e+00 2.847432762110120308e-01 5.730979182241471293e-01
1.768772174197693392e+00 7.081270818247720200e-04 1.769480301279518164e+00 1.199999999999999956e+00 2.852808954355197102e-01 5.732691722790366207e-01
1.769574710835390086e+00 5.055493901173768734e-04 1.770080260225507462e+00 1.199999999999999956e+00 2.857414292468964945e-01 5.734160022235967880e-01
1.770244205190050435e+00 3.368908404515202903e-04 1.770581096030501955e+00 1.199999999999999956e+00 2.861250079532000612e-01 5.735383892553518326e-01
1.770780268572811789e+00 2.020662838823072960e-04 1.770982334856693985e+00 1.199999999999999956e+00 2.864317402723886019e-01 5.736363176994359048e-01
1.771182589363876403e+00 1.010075537705157345e-04 1.771283596917646808e+00 1.199999999999999956e+00 2.866617132625730591e-01 5.737097750119369843e-01
1.771450933457426880e+00 3.366349745070884580e-05 1.771484596954877588e+00 1.199999999999999956e+00 2.868149922662563966e-01 5.737587517825787353e-01
1.771585144596459882e+00 1.110223024625156540e-16 1.771585144596460104e+00 1.199999999999999956e+00 2.868916208683627289e-01 5.737832417367257909e-01
1.771585144596459882e+00 1.110223024625156540e-16 1.771585144596460104e+00 1.199999999999999956e+00 2.868916208683627289e-01 5.737832417367257909e-01
1.771450933457426880e+00 3.366349745070884580e-05 1.771484596954877588e+00 1.199999999999999956e+00 2.868149922662563966e-01 5.737587517825787353e-01
1.771182589363876403e+00 1.010075537705157345e-04 1.771283596917646808e+00 1.199999999999999956e+00 2.866617132625730591e-01 5.737097750119369843e-01
1.770780268572811789e+00 2.020662838823072960e-04 1.770982334856693985e+00 1.199999999999999956e+00 2.864317402723886019e-01 5.736363176994359048e-01
1.770244205190050435e+00 3.368908404515202903e-04 1.770581096030501955e+00 1.199999999999999956e+00 2.861250079532000612e-01 5.735383892553518326e-01
1.769574710835390086e+00 5.055493901173768734e-04 1.770080260225507462e+00 1.199999999999999956e+00 2.857414292468964945e-01 5.734160022235967880e-01
1.768772174197693392e+00 7.081270818247720200e-04 1.769480301279518164e+00 1.199999999999999956e+00 2.852808954355197102e-01 5.732691722790366207e-01
1.767837060480709654e+00 9.447260070848395586e-04 1.768781786487794605e+00 1.199999999999999956e+00 2.847432762110120308e-01 5.730979182241471293e-01
1.766769910741613048e+00 1.215465152184624920e-03 1.767985375893797784e+00 1.199999999999999956e+00 2.841284197587485849e-01 5.729022619850007159e-01
1.765571341123546079e+00 1.520480342198426982e-03 1.767091821465744506e+00 1.199999999999999956e+00 2.834361528549358411e-01 5.726822286065867962e-01
1.764242041984470877e+00 1.859924176729865763e-03 1.766101966161200743e+00 1.199999999999999956e+00 2.826662809777840124e-01 5.724378462474701834e-01
1.762782776924496364e+00 2.233965957365913191e-03 1.765016742881862388e+00 1.199999999999999956e+00 2.818185884322241819e-01 5.721691461737827833e-01
1.761194381714302093e+00 2.642791606563665852e-03 1.763837173320865759e+00 1.199999999999999956e+00 2.808928384884135099e-01 5.718761627525591473e-01
1.759477763127320182e+00 3.086603577978186408e-03 1.762564366705298369e+00 1.199999999999999956e+00 2.798887735336794691e-01 5.715589334444085567e-01
1.757633897678879231e+00 3.565620758029797166e-03 1.761199518436908917e+00 1.199999999999999956e+00 2.788061152379377461e-01 5.712174987955329630e-01
1.755663830275353998e+00 4.080078358585037535e-03 1.759743908633939036e+00 1.199999999999999956e+00 2.776445647324292665e-01 5.708519024290886756e-01
1.753568672776937731e+00 4.630227800515474001e-03 1.758198900577453205e+00 1.199999999999999956e+00 2.764038028018109827e-01 5.704621910358993464e-01
1.751349602477558776e+00 5.216336588078518410e-03 1.756565939065637405e+00 1.199999999999999956e+00 2.750834900892513701e-01 5.700484143645149215e-01
1.749007860505761291e+00 5.838688173811612536e-03 1.754846548679573015e+00 1.199999999999999956e+00 2.736832673146452066e-01 5.696106252106289958e-01
1.746544750150686331e+00 6.497581813797892458e-03 1.753042331964484113e+00 1.199999999999999956e+00 2.722027555057060511e-01 5.691488794058509049e-01
1.743961635117055042e+00 7.193332413094721822e-03 1.751154967530149875e+00 1.199999999999999956e+00 2.706415562417916476e-01 5.686632358058382186e-01
1.741259937713548478e+00 7.926270361044207569e-03 1.749186208074592574e+00 1.199999999999999956e+00 2.689992519104391633e-01 5.681537562777939643e-01
1.738441136978991386e+00 8.696741356334469764e-03 1.747137878335325745e+00 1.199999999999999956e+00 2.672754059762549872e-01 5.676205056873306898e-01
1.735506766750658736e+00 9.505106221435744018e-03 1.745011872972094480e+00 1.199999999999999956e+00 2.654695632622612322e-01 5.670635518847065848e-01
1.732458413679484055e+00 1.035174070626820875e-02 1.742810154385752153e+00 1.199999999999999956e+00 2.635812502433179105e-01 5.664829656904368793e-01
1.729297715196517649e+00 1.123703528075925551e-02 1.740534750477277015e+00 1.199999999999999956e+00 2.616099753515994664e-01 5.658788208802846276e-01
1.726026357435588077e+00 1.216139491606571532e-02 1.738187752351653792e+00 1.199999999999999956e+00 2.595552292938521077e-01 5.652511941696370945e-01
1.722646073116662846e+00 1.312523885413929836e-02 1.735771311970802255e+00 1.199999999999999956e+00 2.574164853803200259e-01 5.646001651972700763e-01
1.719158639394681165e+00 1.412900036534570081e-02 1.733287639760026977e+00 1.199999999999999956e+00 2.551931998651451039e-01 5.639258165085062613e-01
1.715565875678666252e+00 1.517312649387514423e-02 1.730739002172541507e+00 1.199999999999999956e+00 2.528848122979647783e-01 5.632282335377715166e-01
1.711869641425691091e+00 1.625807779057442115e-02 1.728127719216265401e+00 1.199999999999999956e+00 2.504907458866254544e-01 5.625075045905572058e-01
1.708071833914437621e+00 1.738432803288858519e-02 1.725456161947326095e+00 1.199999999999999956e+00 2.480104078707849879e-01 5.617637208247897584e-01
1.704174386002994535e+00 1.855236393167281062e-02 1.722726749934667456e+00 1.199999999999999956e+00 2.454431899060329769e-01 5.609969762316157071e-01
1.700179263875423397e+00 1.976268482441212448e-02 1.719941948699835521e+00 1.199999999999999956e+00 2.427884684585528419e-01 5.602073676156064108e-01
1.696088464781603244e+00 2.101580235458477830e-02 1.717104267136188023e+00 1.199999999999999956e+00 2.400456052099642079e-01 5.593949945743911245e-01
1.691904014774775256e+00 2.231219545153073636e-02 1.714216210226306103e+00 1.199999999999999956e+00 2.372139474720658114e-01 5.585597585937525089e-01
1.687627966451103578e+00 2.364938599619093029e-02 1.711277352447294398e+00 1.199999999999999956e+00 2.342928286113892256e-01 5.576880642693898826e-01
1.683262396695425656e+00 2.503096815091199190e-02 1.708293364846337647e+00 1.199999999999999956e+00 2.312815684832063567e-01 5.567935517048249183e-01
1.678809404437331620e+00 2.645750621043019279e-02 1.705266910647761813e+00 1.199999999999999956e+00 2.281794738748192941e-01 5.558763332729409479e-01
1.674247266853851723e+00 2.792519266087944985e-02 1.702172459514731173e+00 1.199999999999999956e+00 2.249942053903968286e-01 5.549365240735609772e-01
1.669114425461662998e+00 2.934879595374406680e-02 1.698463221415407176e+00 1.199999999999999956e+00 2.218888628995809853e-01 5.539742419093810488e-01
1.663894830586390761e+00 3.081690717912477506e-02 1.694711737765515647e+00 1.199999999999999956e+00 2.186947263921119600e-01 5.529896072613632585e-01
1.658591048151082603e+00 3.233014677383150293e-02 1.690921194924914106e+00 1.199999999999999956e+00 2.154110318887392239e-01 5.519827432635994180e-01
1.653205652792412383e+00 3.388914503525075617e-02 1.687094797827663140e+00 1.199999999999999956e+00 2.120370041953716367e-01 5.509537756776541340e-01
1.647741225245204388e+00 3.549454167871557431e-02 1.683235766923919963e+00 1.199999999999999956e+00 2.085718574012691562e-01 5.499028328663899678e-01
1.642200349781233637e+00 3.714698537740446227e-02 1.679347335158638099e+00 1.199999999999999956e+00 2.050147953848204807e-01 5.488300457672865562e-01
1.636585611705873466e+00 3.884713328446687264e-02 1.675432744990340339e+00 1.199999999999999956e+00 2.013650123264394409e-01 5.477355478652604637e-01
1.630899594915786288e+00 4.059565053690483705e-02 1.671495245452691236e+00 1.199999999999999956e+00 1.976216932284167171e-01 5.466194751649917638e-01
1.625144879520654673e+00 4.239320974082028126e-02 1.667538089261475065e+00 1.199999999999999956e+00 1.937840144414257892e-01 5.454819661627673399e-01
1.619324039531743864e+00 4.424049043765920786e-02 1.663564529969403072e+00 1.199999999999999956e+00 1.898511441973376179e-01 5.443231618178506759e-01
1.613439640619577231e+00 4.613817855105328825e-02 1.659577819170630519e+00 1.199999999999999956e+00 1.858222431480669457e-01 5.431432055233789136e-01
1.607494237943130511e+00 4.808696581386118218e-02 1.655581203756991693e+00 1.199999999999999956e+00 1.816964649101784346e-01 5.419422430768077170e-01
1.601490374052321197e+00 5.008754917504165682e-02 1.651577923227362854e+00 1.199999999999999956e+00 1.774729566149346738e-01 5.407204226499007227e-01
1.595430576865460859e+00 5.214063018600356703e-02 1.647571207051464537e+00 1.199999999999999956e+00 1.731508594634592058e-01 5.394778947582782314e-01
1.589317357723252888e+00 5.424691436606432493e-02 1.643564272089317324e+00 1.199999999999999956e+00 1.687293092867294675e-01 5.382148122305352445e-01
1.583153209520273386e+00 5.640711054667479907e-02 1.639560320066948185e+00 1.199999999999999956e+00 1.642074371100870067e-01 5.369313301769318425e-01
1.576940604915100907e+00 5.862193019406947148e-02 1.635562535109170490e+00 1.199999999999999956e+00 1.595843697219665458e-01 5.356276059576710047e-01
1.570681994619590238e+00 6.089208671006651752e-02 1.631574081329656867e+00 1.199999999999999956e+00 1.548592302464602000e-01 5.343037991507685325e-01
1.564379805767966314e+00 6.321829471065243400e-02 1.627598100478618637e+00 1.199999999999999956e+00 1.500311387195178980e-01 5.329600715195279559e-01
1.558036440365837327e+00 6.560126928213927400e-02 1.623637709647976601e+00 1.199999999999999956e+00 1.450992126683372518e-01 5.315965869796250853e-01
1.551654273819306207e+00 6.804172521453710765e-02 1.619695999033843314e+00 1.199999999999999956e+00 1.400625676938069830e-01 5.302135115658173081e-01
1.545235653543957310e+00 7.054037621206366016e-02 1.615776029756021082e+00 1.199999999999999956e+00 1.349203180553724124e-01 5.288110133982811822e-01
1.538782897653410808e+00 7.309793408035414330e-02 1.611880831733764952e+00 1.199999999999999956e+00 1.296715772584251525e-01 5.273892626485934265e-01
1.532298293726979566e+00 7.571510789040170053e-02 1.608013401617381266e+00 1.199999999999999956e+00 1.243154586434691566e-01 5.259484315053589709e-01
1.525784097655667360e+00 7.839260311889872934e-02 1.604176700774566200e+00 1.199999999999999956e+00 1.188510759770631253e-01 5.244886941395024982e-01
1.518923867557004481e+00 8.106316205802011066e-02 1.599987029615024703e+00 1.199999999999999956e+00 1.134077539890459008e-01 5.230102266692278068e-01
1.511629404380867792e+00 8.370625795433495053e-02 1.595335662335202631e+00 1.199999999999999956e+00 1.080254710582799760e-01 5.215132071246563195e-01
1.504316431439499890e+00 8.640999516626879373e-02 1.590726426605768573e+00 1.199999999999999956e+00 1.025359713400550987e-01 5.199978154121571716e-01
1.496987360904087572e+00 8.917509911180532267e-02 1.586162460015892783e+00 1.199999999999999956e+00 9.693833965864762092e-02 5.184642332783747642e-01
1.489644555672286153e+00 9.200228869076931826e-02 1.581646844363055582e+00 1.199999999999999956e+00 9.123166386938219574e-02 5.169126442739683247e-01
1.482290328746894925e+00 9.489227531860655596e-02 1.577182604065501481e+00 1.199999999999999956e+00 8.541503546001028013e-02 5.153432337170670285e-01
1.474926942704399391e+00 9.784576193565330815e-02 1.572772704640052588e+00 1.199999999999999956e+00 7.948755015160369197e-02 5.137561886564611102e-01
1.467556609250455724e+00 1.008634419919746117e-01 1.568420051242430446e+00 1.199999999999999956e+00 7.344830849856442967e-02 5.121516978345276305e-01
1.460181488859337628e+00 1.039459984078742183e-01 1.564127487267211958e+00 1.199999999999999956e+00 6.729641648739992377e-02 5.105299516499086643e-01
1.452803690494447242e+00 1.070941025101243005e-01 1.559897793004571653e+00 1.199999999999999956e+00 6.103098613410029571e-02 5.088911421199513452e-01
1.445425271406730161e+00 1.103084129442291061e-01 1.555733684350959267e+00 1.199999999999999956e+00 5.465113607954563690e-02 5.072354628429162071e-01
1.438048237008005659e+00 1.135895745627902853e-01 1.551637811570795833e+00 1.199999999999999956e+00 4.815599218294330797e-02 5.055631089599701422e-01
1.430674540816023743e+00 1.169382172904330774e-01 1.547612758106456710e+00 1.199999999999999956e+00 4.154468811265310535e-02 5.038742771169679724e-01
1.423306084468151766e+00 1.203547041617362146e-01 1.543660788629888092e+00 1.199999999999999956e+00 3.481636593438253158e-02 5.021621755594745107e-01
1.415944717800617036e+00 1.238394778585957257e-01 1.539784195659212873e+00 1.199999999999999956e+00 2.797017669621570946e-02 5.004166089870011325e-01
1.408592238990090229e+00 1.273938655972427503e-01 1.535986104587332868e+00 1.199999999999999956e+00 2.100528101028231731e-02 4.986549381600677289e-01
1.401250394754561590e+00 1.310184423955831345e-01 1.532268837150144725e+00 1.199999999999999956e+00 1.392084963078854543e-02 4.968773682218753929e-01
1.393920880610471258e+00 1.347137625919465620e-01 1.528634643202417820e+00 1.199999999999999956e+00 6.716064028021939691e-03 4.950841056450367428e-01
1.386605341182903794e+00 1.384803585649407864e-01 1.525085699747844581e+00 1.199999999999999956e+00 -6.098830419194456454e-04 4.932753581917729280e-01
1.378975976160265571e+00 1.422381520384325970e-01 1.521214128198698168e+00 1.199999999999999956e+00 -7.900982211362261864e-03 4.914513348739766863e-01
1.370882529669008365e+00 1.459477175999603915e-01 1.516830247268968757e+00 1.199999999999999956e+00 -1.507965226552521187e-02 4.896122459131460047e-01
1.362819304898635897e+00 1.497289450384736709e-01 1.512548249937109457e+00 1.199999999999999956e+00 -2.237866622006112749e-02 4.877583027002075911e-01
1.354787813032853450e+00 1.535823428713140038e-01 1.508370155904167564e+00 1.199999999999999956e+00 -2.979882586981030812e-02 4.858897177552299884e-01
1.346789504392077674e+00 1.575083933698073757e-01 1.504297897761885050e+00 1.199999999999999956e+00 -3.734091918169735180e-02 4.840067046870471512e-01
1.338825769459538018e+00 1.615075511825042609e-01 1.500333320642042167e+00 1.199999999999999956e+00 -4.500571974823941446e-02 4.821094781527983653e-01
1.330897939937901953e+00 1.655802419403811232e-01 1.496478181878283076e+00 1.199999999999999956e+00 -5.279398624723086186e-02 4.801982538173925064e-01
1.323007289832970335e+00 1.697268608452089378e-01 1.492734150678179272e+00 1.199999999999999956e+00 -6.070646190801021191e-02 4.782732483129139012e-01
1.315155036561119983e+00 1.739477712422662359e-01 1.489102807803386330e+00 1.199999999999999956e+00 -6.874387398447812103e-02 4.763346791979769512e-01
1.307342342077307373e+00 1.782433031787983291e-01 1.485585645256105813e+00 1.199999999999999956e+00 -7.690693323527497682e-02 4.743827649170362371e-01
1.299570314020562112e+00 1.826137519495488748e-01 1.482184065970110876e+00 1.199999999999999956e+00 -8.519633341118115766e-02 4.724177247596718643e-01
1.291840006874147351e+00 1.870593766309686101e-01 1.478899383505115850e+00 1.199999999999999956e+00 -9.361275075014052760e-02 4.704397788198505515e-01
1.284152423137530752e+00 1.915803986057366126e-01 1.475732821743267476e+00 1.199999999999999956e+00 -1.021568434801611858e-01 4.684491479551805004e-01
1.276508514507634029e+00 1.961770000792711910e-01 1.472685514586905331e+00 1.199999999999999956e+00 -1.108292513302053806e-01 4.664460537461668777e-01
1.268909183066836199e+00 2.008493225901394341e-01 1.469758505656975522e+00 1.199999999999999956e+00 -1.196305950494256365e-01 4.644307184554791190e-01
1.261355282475397965e+00 2.055974655163144149e-01 1.466952747991712380e+00 1.199999999999999956e+00 -1.285614759349442693e-01 4.624033649872401064e-01
1.253824733830213756e+00 2.104151529100609652e-01 1.464239886740274610e+00 1.199999999999999956e+00 -1.376097943152849723e-01 4.603642168463476514e-01
1.245526879955902944e+00 2.150810158924808535e-01 1.460607895848383908e+00 1.199999999999999956e+00 -1.463315300073677605e-01 4.583134980978403883e-01
1.237293128529300068e+00 2.198226592519719746e-01 1.457115787781272154e+00 1.199999999999999956e+00 -1.551818853977557922e-01 4.562514333263140709e-01
1.229123990187301896e+00 2.246401128604776920e-01 1.453764103047779699e+00 1.199999999999999956e+00 -1.641614310076375816e-01 4.541782475954033171e-01
1.221019926902430885e+00 2.295333595894767376e-01 1.450553286491907734e+00 1.199999999999999956e+00 -1.732707157815127630e-01 4.520941664073349631e-01
1.212981353657635042e+00 2.345023338039230465e-01 1.447483687461557977e+00 1.199999999999999956e+00 -1.825102666615743274e-01 4.499994156625654607e-01
1.205008640093754746e+00 2.395469198634037067e-01 1.444555559957158453e+00 1.199999999999999956e+00 -1.918805881721477036e-01 4.478942216195110904e-01
1.197102112128491491e+00 2.446673491457052041e-01 1.441769461274196695e+00 1.199999999999999956e+00 -2.013821620143296798e-01 4.457770106684976752e-01
1.189262053545777187e+00 2.498674885932977707e-01 1.439129542139074847e+00 1.199999999999999956e+00 -2.110154466710350007e-01 4.436306741586014679e-01
1.181488707554697593e+00 2.551430678556059206e-01 1.436631775410303513e+00 1.199999999999999956e+00 -2.207808770227188688e-01 4.414744787058662578e-01
1.173782278317148986e+00 2.604937690493531743e-01 1.434276047366502160e+00 1.199999999999999956e+00 -2.306788639737469282e-01 4.393086538389369688e-01
1.166142932443599456e+00 2.659192167402061324e-01 1.432062149183805477e+00 1.199999999999999956e+00 -2.407097940897973132e-01 4.371334292463721627e-01
1.158570800456387717e+00 2.714189765118488751e-01 1.429989776968236592e+00 1.199999999999999956e+00 -2.508740292462565691e-01 4.349490347367472309e-01
1.151065978220103148e+00 2.769925535626037716e-01 1.428058531782706808e+00 1.199999999999999956e+00 -2.611719062879327424e-01 4.327557001989241758e-01
1.143628528338772377e+00 2.826393913331575192e-01 1.426267919671929896e+00 1.199999999999999956e+00 -2.716037367001140623e-01 4.305536555624887574e-01
1.136206520739249104e+00 2.883427810710257333e-01 1.424549301810274837e+00 1.199999999999999956e+00 -2.821360042934761836e-01 4.283431307583714931e-01
1.128083019155911026e+00 2.938774633951791726e-01 1.421960482551090088e+00 1.199999999999999956e+00 -2.922947929331307648e-01 4.261243556796577847e-01
1.120046111878927331e+00 2.994846192268049156e-01 1.419530731105732357e+00 1.199999999999999956e+00 -3.025863556926573494e-01 4.238975601425977735e-01
1.112095387034703675e+00 3.051635825967876636e-01 1.417258969631491450e+00 1.199999999999999956e+00 -3.130109556504709900e-01 4.216629738478229750e-01
1.104230407930092639e+00 3.109136216355297133e-01 1.415144029565622352e+00 1.199999999999999956e+00 -3.235688290184892679e-01 4.194208263417825155e-01
1.096450714531407522e+00 3.167339373500981381e-01 1.413184651881505660e+00 1.199999999999999956e+00 -3.342601848747932536e-01 4.171713469784026906e-01
1.088755824889135804e+00 3.226236624525549157e-01 1.411379487341690719e+00 1.199999999999999956e+00 -3.450852049085710860e-01 4.149147648809833888e-01
1.081145236509606811e+00 3.285818602438298486e-01 1.409727096753436548e+00 1.199999999999999956e+00 -3.560440431774214431e-01 4.126513089043354343e-01
1.073618427674754239e+00 3.346075235576154716e-01 1.408225951232369599e+00 1.199999999999999956e+00 -3.671368258771163795e-01 4.103812075971713380e-01
1.066174858711223417e+00 3.406995737688041093e-01 1.406874432480027526e+00 1.199999999999999956e+00 -3.783636511238057665e-01 4.081046891647551189e-01
1.058813973210031456e+00 3.468568598712400419e-01 1.405670833081271498e+00 1.199999999999999956e+00 -3.897245887489830807e-01 4.058219814318193008e-01
1.051535199198065706e+00 3.530781576293727797e-01 1.404613356827438597e+00 1.199999999999999956e+00 -4.012196801069478624e-01 4.035333118057602420e-01
1.044337950262637538e+00 3.593621688087362820e-01 1.403700119071373820e+00 1.199999999999999956e+00 -4.128489378950641608e-01 4.012389072401156276e-01
1.037221626630371984e+00 3.657075204901096832e-01 1.402929147120481668e+00 1.199999999999999956e+00 -4.246123459868265115e-01 3.989389941983344512e-01
1.030185616201711118e+00 3.721127644722344030e-01 1.402298380673945521e+00 1.199999999999999956e+00 -4.365098592776543995e-01 3.966337986178465336e-01
1.022525200668090051e+00 3.783356089723440840e-01 1.400860809640434024e+00 1.199999999999999956e+00 -4.479952919325782545e-01 3.943235458744392963e-01
1.014884415473708001e+00 3.845909664676214756e-01 1.399475381941329477e+00 1.199999999999999956e+00 -4.595522296763414616e-01 3.920084607469495608e-01
1.007342102126640659e+00 3.909044659078008133e-01 1.398246568034441584e+00 1.199999999999999956e+00 -4.712417507856585530e-01 3.896887673822760911e-01
9.998971236093141535e-01 3.972763647257301356e-01 1.397173488335044400e+00 1.199999999999999956e+00 -4.830637517027414063e-01 3.873612907214775136e-01
9.925483448121505958e-01 4.037046562014373619e-01 1.396253001013588069e+00 1.199999999999999956e+00 -4.950180991300072719e-01 3.850271331714190670e-01
9.852946332685170727e-01 4.101862908556642151e-01 1.395480924124181232e+00 1.199999999999999956e+00 -5.071046299444148531e-01 3.826890256746304786e-01
9.781348598439897346e-01 4.167194630969067171e-01 1.394854322940896507e+00 1.199999999999999956e+00 -5.193231511248317389e-01 3.803471900694719299e-01
9.710678993820356375e-01 4.233022903435172957e-01 1.394370189725552933e+00 1.199999999999999956e+00 -5.316734396924420736e-01 3.780018473904678822e-01
9.640926313080276921e-01 4.299328131673863518e-01 1.394025444475414099e+00 1.199999999999999956e+00 -5.441552426640781093e-01 3.756532178353136353e-01
9.572079401935187359e-01 4.366089955668128186e-01 1.393816935760331610e+00 1.199999999999999956e+00 -5.567682770186150876e-01 3.733015207322509799e-01
9.504127162825868336e-01 4.433287253734090050e-01 1.393741441655995894e+00 1.199999999999999956e+00 -5.695122296762722414e-01 3.709469745078213809e-01
9.437058559820407089e-01 4.500898147978473207e-01 1.393795670779887974e+00 1.199999999999999956e+00 -5.823867574907923839e-01 3.685897966549999127e-01
9.370862623171660744e-01 4.568900011191675548e-01 1.393976263436333518e+00 1.199999999999999956e+00 -5.953914872545560399e-01 3.662302037017179379e-01
9.304314895076276626e-01 4.636829130089796802e-01 1.394114402516607232e+00 1.199999999999999956e+00 -6.084158418722118711e-01 3.638684111797801934e-01
9.232608103879949013e-01 4.702903676776103992e-01 1.393551178065605356e+00 1.199999999999999956e+00 -6.210126035155001389e-01 3.615046335941795586e-01
9.161945608037121991e-01 4.769344104360155323e-01 1.393128971239727676e+00 1.199999999999999956e+00 -6.337377673541464418e-01 3.591390843928181642e-01
9.092311017537780815e-01 4.836126712965617136e-01 1.392843773050339795e+00 1.199999999999999956e+00 -6.465909001763110453e-01 3.567719759366382304e-01
9.023688184081453123e-01 4.903227087666193196e-01 1.392691527174764632e+00 1.199999999999999956e+00 -6.595715386102023459e-01 3.544035194701670721e-01
8.956061199993555766e-01 4.970620111450895218e-01 1.392668131144445098e+00 1.199999999999999956e+00 -6.726791891969385873e-01 3.520339250924838792e-01
8.889414396957666664e-01 5.038279979830985189e-01 1.392769437678865074e+00 1.199999999999999956e+00 -6.859133284758778260e-01 3.496634017286097129e-01
8.823732344578828490e-01 5.106180217123890142e-01 1.392991256170271974e+00 1.199999999999999956e+00 -6.992734030824419023e-01 3.472921571013284914e-01
8.758999848791468867e-01 5.174293694445435410e-01 1.393329354323690428e+00 1.199999999999999956e+00 -7.127588298581910564e-01 3.449203977034412949e-01
8.695201950125254209e-01 5.242592649439719033e-01 1.393779459956497213e+00 1.199999999999999956e+00 -7.263689959732113621e-01 3.425483287704594315e-01
8.632323921840867609e-01 5.311048707771116595e-01 1.394337262961198309e+00 1.199999999999999956e+00 -7.401032590605156614e-01 3.401761542537395933e-01
8.570351267947531326e-01 5.379632906400522163e-01 1.394998417434805349e+00 1.199999999999999956e+00 -7.539609473625397129e-01 3.378040767940664324e-01
8.509269721112995288e-01 5.448315718662595231e-01 1.395758543977559052e+00 1.199999999999999956e+00 -7.679413598894546666e-01 3.354322976956841673e-01
8.449065240476268945e-01 5.517067081157269737e-01 1.396613232163353757e+00 1.199999999999999956e+00 -7.820437665892638890e-01 3.330610169007846011e-01
8.385788334395625210e-01 5.584341469491060916e-01 1.397012980388668613e+00 1.199999999999999956e+00 -7.958403916395573319e-01 3.306958746795012338e-01
8.320820383793497976e-01 5.650532440390443334e-01 1.397135282418394020e+00 1.199999999999999956e+00 -8.094649871298553734e-01 3.283474575328128031e-01
8.256880548210578930e-01 5.716760228264829991e-01 1.397364077647540892e+00 1.199999999999999956e+00 -8.232095450002256953e-01 3.260001203132565362e-01
