-9 0 2.24e-06 1 0.000291 1 0.000133 0
-8.8 0 7.98e-06 1 0.000291 1 0.000133 0.00302
-8.6 0 9.17e-06 1 0.000291 1 0.000133 0.00651
-8.4 0 1.27e-05 1 0.000291 1 0.000134 0.0105
-8.2 0 7.61e-06 1 0.000291 1 0.000133 0.0152
-8 0 1.48e-05 1 0.000291 1 0.000134 0.0205
-7.8 0 2.07e-05 1 0.000291 1 0.000135 0.0265
-7.6 0 1.79e-05 1 0.000291 1 0.000134 0.0334
-7.4 0 2.21e-05 1 0.000292 1 0.000135 0.0412
-7.2 0 2.74e-05 1 0.000292 1 0.000136 0.05
-7 0 2.05e-05 1 0.000291 1 0.000135 0.0598
-6.8 0 5.34e-05 1 0.000296 1 0.000143 0.0707
-6.6 0 5.83e-05 1 0.000297 1 0.000145 0.0828
-6.4 0 4.2e-05 1 0.000294 1 0.00014 0.096
-6.2 0 5.3e-05 1 0.000296 1 0.000143 0.11
-6 0 4.98e-05 1 0.000295 1 0.000142 0.126
-5.8 0 5.64e-05 1 0.000296 1 0.000144 0.143
-5.6 0 6.67e-05 1 0.000298 1 0.000149 0.16
-5.4 0 7.4e-05 1 0.0003 1 0.000151 0.179
-5.2 0 9.13e-05 1 0.000305 1 0.00016 0.199
-5 0 0.000101 1 0.000309 1 0.000165 0.22
-4.8 0 7.85e-05 1.01 0.000301 0.961 0.000155 0.241
-4.6 0 7.89e-05 1.01 0.000301 0.957 0.000156 0.263
-4.4 0 7.97e-05 1.02 0.000301 0.952 0.000154 0.286
-4.2 0 0.000153 1.02 0.00033 0.95 0.000206 0.31
-4 0 9.73e-05 1.02 0.000305 0.944 0.000165 0.334
-3.8 0 8.06e-05 1.02 0.000303 0.939 0.000152 0.358
-3.6 0 0.000131 1.03 0.00032 0.932 0.000191 0.383
-3.4 0 8.02e-05 1.03 0.0003 0.932 0.000174 0.408
-3.2 0 0.000193 1.03 0.000355 0.922 0.000222 0.433
-3 0 0.000134 1.04 0.000323 0.917 0.000197 0.458
-2.8 0 8.97e-05 1.04 0.000308 0.907 0.00017 0.482
-2.6 0 0.000169 1.05 0.000338 0.905 0.000231 0.507
-2.4 0 0.000224 1.06 0.000378 0.903 0.00023 0.531
-2.2 0 0.000103 1.06 0.000316 0.891 0.00017 0.554
-2 0 9.66e-05 1.07 0.00032 0.882 0.000182 0.577
-1.8 0 0.000107 1.08 0.000342 0.878 0.000213 0.599
-1.6 0 0.00015 1.09 0.000374 0.871 0.000187 0.62
-1.4 0 0.00024 1.09 0.000383 0.862 0.00035 0.64
-1.2 0 9.46e-05 1.12 0.000353 0.863 0.000181 0.659
-1 0 0.000174 1.12 0.000376 0.848 0.000293 0.676
-0.8 0 0.000185 1.13 0.000403 0.836 0.00025 0.692
-0.6 0 0.000132 1.14 0.000387 0.836 0.00031 0.707
-0.4 0 0.000229 1.14 0.000397 0.829 0.000496 0.72
-0.2 0 0.000192 1.18 0.000411 0.812 0.000216 0.732
0 0 0.000177 1.2 0.000603 0.812 0.000307 0.742
0.2 0 0.000161 1.2 0.00044 0.802 0.000409 0.752
0.4 0 0.000105 1.21 0.000622 0.784 0.000319 0.76
0.6 0 0.000122 1.22 0.00044 0.779 0.00031 0.766
0.8 0 9.63e-05 1.25 0.000531 0.769 0.000436 0.772
1 0 0.000108 1.26 0.000476 0.763 0.00045 0.776
1.2 0 0.000125 1.3 0.000621 0.754 0.000552 0.779
1.4 0 8.79e-05 1.3 0.00081 0.752 0.000606 0.781
1.6 0 0.000118 1.3 0.000915 0.737 0.000675 0.782
1.8 0 8.06e-05 1.31 0.00125 0.73 0.000431 0.782
2 0 6.26e-05 1.32 0.000891 0.722 0.000388 0.782
2.2 0 4.13e-05 1.33 0.000868 0.708 0.000613 0.782
2.4 0 3.75e-05 1.32 0.00105 0.695 0.000807 0.781
2.6 0 1.97e-05 1.32 0.000585 0.687 0.000454 0.781
2.8 0 9.24e-06 1.31 0.00146 0.674 0.000957 0.78
3 0 0 1.29 0.000634 0.661 0.000514 0.78
3.2 0 9.24e-06 1.26 0.00146 0.65 0.000957 0.78
3.4 0 1.97e-05 1.23 0.000585 0.638 0.000454 0.781
3.6 0 3.75e-05 1.18 0.00105 0.622 0.000807 0.781
3.8 0 4.13e-05 1.14 0.000868 0.61 0.000613 0.782
4 0 6.26e-05 1.09 0.000891 0.598 0.000388 0.782
4.2 0 8.06e-05 1.04 0.00125 0.579 0.000431 0.782
4.4 0 0.000118 0.985 0.000915 0.56 0.000675 0.782
4.6 0 8.79e-05 0.942 0.00081 0.546 0.000606 0.781
4.8 0 0.000125 0.902 0.000621 0.522 0.000552 0.779
5 0 0.000108 0.834 0.000476 0.503 0.00045 0.776
5.2 0 9.63e-05 0.783 0.000531 0.482 0.000436 0.772
5.4 0 0.000122 0.727 0.00044 0.463 0.00031 0.766
5.6 0 0.000105 0.678 0.000622 0.441 0.000319 0.76
5.8 0 0.000161 0.634 0.00044 0.425 0.000409 0.752
6 0 0.000177 0.597 0.000603 0.406 0.000307 0.742
6.2 0 0.000192 0.552 0.000411 0.381 0.000216 0.732
6.4 0 0.000229 0.504 0.000397 0.365 0.000496 0.72
6.6 0 0.000132 0.471 0.000387 0.344 0.00031 0.707
6.8 0 0.000185 0.433 0.000403 0.321 0.00025 0.692
7 0 0.000174 0.402 0.000376 0.303 0.000293 0.676
7.2 0 9.46e-05 0.371 0.000353 0.287 0.000181 0.659
7.4 0 0.00024 0.336 0.000383 0.265 0.00035 0.64
7.6 0 0.00015 0.31 0.000374 0.248 0.000187 0.62
7.8 0 0.000107 0.283 0.000342 0.231 0.000213 0.599
8 0 9.66e-05 0.259 0.00032 0.213 0.000182 0.577
8.2 0 0.000103 0.236 0.000316 0.198 0.00017 0.554
8.4 0 0.000224 0.215 0.000378 0.183 0.00023 0.531
8.6 0 0.000169 0.193 0.000338 0.167 0.000231 0.507
8.8 0 8.97e-05 0.176 0.000308 0.153 0.00017 0.482
9 0 0.000134 0.159 0.000323 0.14 0.000197 0.458
9.2 0 0.000193 0.143 0.000355 0.127 0.000222 0.433
9.4 0 8.02e-05 0.129 0.0003 0.116 0.000174 0.408
9.6 0 0.000131 0.115 0.00032 0.105 0.000191 0.383
9.8 0 8.06e-05 0.103 0.000303 0.0943 0.000152 0.358
10 0 9.73e-05 0.0914 0.000305 0.0845 0.000165 0.334
10.2 0 0.000153 0.0811 0.00033 0.0757 0.000206 0.31
10.4 0 7.97e-05 0.0716 0.000301 0.0671 0.000154 0.286
10.6 0 7.89e-05 0.0629 0.000301 0.0594 0.000156 0.263
10.8 0 7.85e-05 0.0551 0.000301 0.0524 0.000155 0.241
11 0 0.000101 0.048 0.000309 0.046 0.000165 0.22
11.2 0 9.13e-05 0.0417 0.000305 0.04 0.00016 0.199
11.4 0 7.4e-05 0.0362 0.0003 0.0349 0.000151 0.179
11.6 0 6.67e-05 0.0311 0.000298 0.0301 0.000149 0.16
11.8 0 5.64e-05 0.0266 0.000296 0.026 0.000144 0.143
12 0 4.98e-05 0.0227 0.000295 0.0221 0.000142 0.126
12.2 0 5.3e-05 0.0193 0.000296 0.0189 0.000143 0.11
12.4 0 4.2e-05 0.0163 0.000294 0.016 0.00014 0.096
12.6 0 5.83e-05 0.0137 0.000297 0.0135 0.000145 0.0828
12.8 0 5.34e-05 0.0115 0.000296 0.0114 0.000143 0.0707
13 0 2.05e-05 0.00962 0.000291 0.00952 0.000135 0.0598
13.2 0 2.74e-05 0.00805 0.000292 0.00797 0.000136 0.05
13.4 0 2.21e-05 0.00668 0.000292 0.00663 0.000135 0.0412
13.6 0 1.79e-05 0.00554 0.000291 0.00551 0.000134 0.0334
13.8 0 2.07e-05 0.0046 0.000291 0.00458 0.000135 0.0265
14 0 1.48e-05 0.0038 0.000291 0.00379 0.000134 0.0205
14.2 0 7.61e-06 0.00314 0.000291 0.00313 0.000133 0.0152
14.4 0 1.27e-05 0.00259 0.000291 0.00259 0.000134 0.0105
14.6 0 9.17e-06 0.00213 0.000291 0.00212 0.000133 0.00651
14.8 0 7.98e-06 0.00176 0.000291 0.00175 0.000133 0.00302
15 0 2.24e-06 0.00144 0.000291 0.00144 0.000133 5.92e-16
