-8.6 0.0227 0 1 0 0 0
-8.2 0.0298 0 1 0 0 0
-7.8 0.0388 0 1 0 0 0
-7.4 0.0501 0 1 0 0 0
-7 0.064 0 1 0 0 0
-6.6 0.081 0 1 0 0 0
-6.2 0.101 0 1 0 0 0
-5.8 0.126 0 1 0 0 0
-5.4 0.154 0 0.954 0 0 0
-5 0.188 0 0.949 0 0 0
-4.6 0.226 0 0.944 0 0 0
-4.2 0.269 0 0.94 0 0 0
-3.8 0.318 0 0.934 0 0 0
-3.4 0.371 0 0.926 0 0 0
-3 0.431 0 0.914 0 0 0
-2.6 0.495 0 0.896 0 0 0
-2.2 0.563 0 0.874 0 0 0
-1.8 0.637 0 0.846 0 0 0
-1.4 0.713 0 0.813 0 0 0
-1 0.793 0 0.775 0 0 0
-0.6 0.875 0 0.731 0 0 0
-0.2 0.958 0 0.681 0 0 0
0.2 1.04 0 0.627 0 0 0
0.6 1.12 0 0.569 0 0 0
1 1.21 0 0.51 0 0 0
1.4 1.29 0 0.451 0 0 0
1.8 1.36 0 0.395 0 0 0
2.2 1.44 0 0.343 0 0 0
2.6 1.5 0 0.295 0 0 0
3 1.57 0 0.251 0 0 0
3.4 1.63 0 0.211 0 0 0
3.8 1.68 0 0.176 0 0 0
4.2 1.73 0 0.146 0 0 0
4.6 1.77 0 0.12 0 0 0
5 1.81 0 0.0982 0 0 0
5.4 1.85 0 0.0798 0 0 0
5.8 1.87 0 0.0645 0 0 0
6.2 1.9 0 0.052 0 0 0
6.6 1.92 0 0.0417 0 0 0
7 1.94 0 0.0333 0 0 0
7.4 1.95 0 0.0264 0 0 0
7.8 1.96 0 0.0209 0 0 0
8.2 1.97 0 0.0165 0 0 0
8.6 1.98 0 0.013 0 0 0
9 1.98 0 0.0102 0 0 0
9.4 1.99 0 0.008 0 0 0
9.8 1.99 0 0.00627 0 0 0
10.2 1.99 0 0.0049 0 0 0
10.6 2 0 0.00383 0 0 0
11 2 0 0.00299 0 0 0
11.4 2 0 0.00233 0 0 0
11.8 2 0 0.00182 0 0 0
12.2 2 0 0.00142 0 0 0
12.6 2 0 0.00111 0 0 0
13 2 0 0.000863 0 0 0
13.4 2 0 0.000673 0 0 0
13.8 2 0 0.000524 0 0 0
14.2 2 0 0.000409 0 0 0
14.6 2 0 0.000318 0 0 0
15 2 0 0.000248 0 0 0
15.4 2 0 0.000193 0 0 0
15.8 2 0 0.00015 0 0 0
16.2 2 0 0.000117 0 0 0
16.6 2 0 9.12e-05 0 0 0
17 2 0 7.11e-05 0 0 0
17.4 2 0 5.53e-05 0 0 0
17.8 2 0 4.31e-05 0 0 0
18.2 2 0 3.36e-05 0 0 0
18.6 2 0 2.61e-05 0 0 0
19 2 0 2.04e-05 0 0 0
19.4 2 0 1.59e-05 0 0 0
19.8 2 0 1.23e-05 0 0 0
20.2 2 0 9.61e-06 0 0 0
20.6 2 0 7.49e-06 0 0 0
21 2 0 5.84e-06 0 0 0
21.4 2 0 4.54e-06 0 0 0
21.8 2 0 3.54e-06 0 0 0
22.2 2 0 2.75e-06 0 0 0
22.6 2 0 2.14e-06 0 0 0
23 2 0 1.67e-06 0 0 0
23.4 2 0 1.3e-06 0 0 0
23.8 2 0 1.01e-06 0 0 0
24.2 2 0 7.9e-07 0 0 0
24.6 2 0 6.15e-07 0 0 0
25 2 0 4.79e-07 0 0 0
25.4 2 0 3.73e-07 0 0 0
25.8 2 0 2.9e-07 0 0 0
26.2 2 0 2.26e-07 0 0 0
26.6 2 0 1.76e-07 0 0 0
27 2 0 1.37e-07 0 0 0
27.4 2 0 1.07e-07 0 0 0
27.8 2 0 8.33e-08 0 0 0
28.2 2 0 6.48e-08 0 0 0
28.6 2 0 5.05e-08 0 0 0
29 2 0 3.93e-08 0 0 0
29.4 2 0 3.06e-08 0 0 0
29.8 2 0 2.38e-08 0 0 0
30.2 2 0 1.86e-08 0 0 0
30.6 2 0 1.45e-08 0 0 0
31 2 0 1.13e-08 0 0 0
31.4 2 0 8.78e-09 0 0 0
31.8 2 0 6.84e-09 0 0 0
32.2 2 0 5.32e-09 0 0 0
32.6 2 0 4.14e-09 0 0 0
33 2 0 3.23e-09 0 0 0
33.4 2 0 2.51e-09 0 0 0
33.8 2 0 1.96e-09 0 0 0
34.2 2 0 1.53e-09 0 0 0
34.6 2 0 1.19e-09 0 0 0
35 2 0 9.24e-10 0 0 0
35.4 2 0 7.19e-10 0 0 0
35.8 2 0 5.6e-10 0 0 0
36.2 2 0 4.36e-10 0 0 0
36.6 2 0 3.4e-10 0 0 0
37 2 0 2.65e-10 0 0 0
37.4 2 0 2.06e-10 0 0 0
37.8 2 0 1.61e-10 0 0 0
38.2 2 0 1.25e-10 0 0 0
38.6 2 0 9.75e-11 0 0 0
39 2 0 7.59e-11 0 0 0
39.4 2 0 5.91e-11 0 0 0
39.8 2 0 4.6e-11 0 0 0
40.2 2 0 3.58e-11 0 0 0
40.6 2 0 2.79e-11 0 0 0
41 2 0 2.17e-11 0 0 0
41.4 2 0 1.69e-11 0 0 0
41.8 2 0 1.32e-11 0 0 0
42.2 2 0 1.03e-11 0 0 0
42.6 2 0 8e-12 0 0 0
43 2 0 6.22e-12 0 0 0
43.4 2 0 4.85e-12 0 0 0
43.8 2 0 3.78e-12 0 0 0
44.2 2 0 2.94e-12 0 0 0
44.6 2 0 2.29e-12 0 0 0
45 2 0 1.79e-12 0 0 0
45.4 2 0 1.38e-12 0 0 0
45.8 2 0 1.06e-12 0 0 0
46.3 2 0 7.84e-13 0 0 0
46.9 2 0 5.61e-13 0 0 0
47.4 2 0 3.82e-13 0 0 0
48.2 2 0 2.54e-13 0 0 0
48.7 2 0 1.68e-13 0 0 0
49.5 2 0 1.14e-13 0 0 0
50 2 0 7.51e-14 0 0 0
50.9 2 0 4.87e-14 0 0 0
51.4 2 0 3.05e-14 0 0 0
52.3 2 0 1.61e-14 0 0 0
54.4 2 0 7.11e-15 0 0 0
55.1 2 0 2.11e-15 0 0 0
56.1 2 0 1.71e-15 0 0 0
56.8 2 0 1.01e-15 0 0 0
57.8 2 0 6.19e-16 0 0 0
58.5 2 0 3.33e-16 0 0 0
59.9 2 0 1.95e-16 0 0 0
60.3 2 0 1.12e-16 0 0 0
61 2 0 6.92e-17 0 0 0
62.3 2 0 4.26e-17 0 0 0
62.7 2 0 2.66e-17 0 0 0
63.1 2 0 2.07e-17 0 0 0
63.5 2 0 1.7e-17 0 0 0
63.9 2 0 1.32e-17 0 0 0
64.3 2 0 1.03e-17 0 0 0
64.7 2 0 8.03e-18 0 0 0
65.1 2 0 6.25e-18 0 0 0
65.5 2 0 4.86e-18 0 0 0
65.9 2 0 3.79e-18 0 0 0
66.3 2 0 2.95e-18 0 0 0
66.7 2 0 2.3e-18 0 0 0
67.1 2 0 1.79e-18 0 0 0
67.5 2 0 1.39e-18 0 0 0
67.9 2 0 1.09e-18 0 0 0
68.3 2 0 8.45e-19 0 0 0
68.7 2 0 6.58e-19 0 0 0
69.1 2 0 5.13e-19 0 0 0
69.5 2 0 4e-19 0 0 0
69.9 2 0 3.11e-19 0 0 0
70.3 2 0 2.42e-19 0 0 0
70.7 2 0 1.89e-19 0 0 0
71.1 2 0 1.47e-19 0 0 0
71.5 2 0 1.14e-19 0 0 0
71.9 2 0 8.91e-20 0 0 0
72.3 2 0 6.94e-20 0 0 0
72.7 2 0 5.41e-20 0 0 0
73.1 2 0 4.21e-20 0 0 0
73.5 2 0 3.28e-20 0 0 0
73.9 2 0 2.55e-20 0 0 0
74.3 2 0 1.99e-20 0 0 0
74.7 2 0 1.55e-20 0 0 0
75.1 2 0 1.21e-20 0 0 0
75.5 2 0 9.4e-21 0 0 0
75.9 2 0 7.32e-21 0 0 0
76.3 2 0 5.7e-21 0 0 0
76.7 2 0 4.44e-21 0 0 0
77.1 2 0 3.46e-21 0 0 0
77.5 2 0 2.69e-21 0 0 0
77.9 2 0 2.1e-21 0 0 0
78.3 2 0 1.63e-21 0 0 0
78.7 2 0 1.27e-21 0 0 0
79.1 2 0 9.9e-22 0 0 0
79.5 2 0 7.71e-22 0 0 0
79.9 2 0 6e-22 0 0 0
80.3 2 0 4.68e-22 0 0 0
80.7 2 0 3.64e-22 0 0 0
81.1 2 0 2.84e-22 0 0 0
81.5 2 0 2.21e-22 0 0 0
81.9 2 0 1.72e-22 0 0 0
82.3 2 0 1.34e-22 0 0 0
82.7 2 0 1.04e-22 0 0 0
83.1 2 0 8.13e-23 0 0 0
83.5 2 0 6.34e-23 0 0 0
83.9 2 0 4.93e-23 0 0 0
84.3 2 0 3.84e-23 0 0 0
84.7 2 0 2.99e-23 0 0 0
85.1 2 0 2.33e-23 0 0 0
85.5 2 0 1.81e-23 0 0 0
85.9 2 0 1.41e-23 0 0 0
86.3 2 0 1.1e-23 0 0 0
86.7 2 0 8.55e-24 0 0 0
87.1 2 0 6.66e-24 0 0 0
87.5 2 0 5.19e-24 0 0 0
87.9 2 0 4.05e-24 0 0 0
88.3 2 0 3.15e-24 0 0 0
88.7 2 0 2.45e-24 0 0 0
89.1 2 0 1.91e-24 0 0 0
89.5 2 0 1.49e-24 0 0 0
89.9 2 0 1.16e-24 0 0 0
90.3 2 0 9.03e-25 0 0 0
90.7 2 0 7.03e-25 0 0 0
91.1 2 0 5.48e-25 0 0 0
91.5 2 0 4.27e-25 0 0 0
91.9 2 0 3.32e-25 0 0 0
92.3 2 0 2.59e-25 0 0 0
92.7 2 0 2.01e-25 0 0 0
93.1 2 0 1.57e-25 0 0 0
93.5 2 0 1.22e-25 0 0 0
93.9 2 0 9.52e-26 0 0 0
94.3 2 0 7.41e-26 0 0 0
94.7 2 0 5.76e-26 0 0 0
95.1 2 0 4.49e-26 0 0 0
95.5 2 0 3.5e-26 0 0 0
95.9 2 0 2.73e-26 0 0 0
96.3 2 0 2.12e-26 0 0 0
96.7 2 0 1.65e-26 0 0 0
97.1 2 0 1.29e-26 0 0 0
97.5 2 0 1e-26 0 0 0
97.9 2 0 7.81e-27 0 0 0
98.3 2 0 6.08e-27 0 0 0
98.7 2 0 4.74e-27 0 0 0
99.1 2 0 3.65e-27 0 0 0
99.5 2 0 2.82e-27 0 0 0
99.9 2 0 2.5e-27 0 0 0
