-8.6 0.0238 0 1 0 0 0
-8.2 0.0309 0 1 0 0 0
-7.8 0.0397 0 1 0 0 0
-7.4 0.0504 0 1 0 0 0
-7 0.0635 0 1 0 0 0
-6.6 0.0791 0 1 0 0 0
-6.2 0.0974 0 1 0 0 0
-5.8 0.119 0 1 0 0 0
-5.4 0.143 0 1 0 0 0
-5 0.171 0 1 0 0 0
-4.6 0.201 0 1 0 0 0
-4.2 0.236 0 1 0 0 0
-3.8 0.273 0 1 0 0 0
-3.4 0.313 0 1 0 0 0
-3 0.356 0 1.03 0 0 0
-2.6 0.401 0 1.04 0 0 0
-2.2 0.448 0 1.04 0 0 0
-1.8 0.497 0 1.05 0 0 0
-1.4 0.548 0 1.05 0 0 0
-1 0.6 0 1.06 0 0 0
-0.6 0.652 0 1.05 0 0 0
-0.2 0.705 0 1.05 0 0 0
0.2 0.759 0 1.04 0 0 0
0.6 0.812 0 1.02 0 0 0
1 0.866 0 0.991 0 0 0
1.4 0.92 0 0.958 0 0 0
1.8 0.973 0 0.917 0 0 0
2.2 1.03 0 0.869 0 0 0
2.6 1.08 0 0.815 0 0 0
3 1.13 0 0.757 0 0 0
3.4 1.19 0 0.696 0 0 0
3.8 1.24 0 0.633 0 0 0
4.2 1.29 0 0.571 0 0 0
4.6 1.35 0 0.511 0 0 0
5 1.4 0 0.453 0 0 0
5.4 1.45 0 0.398 0 0 0
5.8 1.5 0 0.348 0 0 0
6.2 1.55 0 0.301 0 0 0
6.6 1.6 0 0.26 0 0 0
7 1.64 0 0.222 0 0 0
7.4 1.69 0 0.189 0 0 0
7.8 1.73 0 0.159 0 0 0
8.2 1.76 0 0.133 0 0 0
8.6 1.8 0 0.111 0 0 0
9 1.83 0 0.0915 0 0 0
9.4 1.86 0 0.0751 0 0 0
9.8 1.88 0 0.0613 0 0 0
10.2 1.9 0 0.0498 0 0 0
10.6 1.92 0 0.0402 0 0 0
11 1.94 0 0.0322 0 0 0
11.4 1.95 0 0.0258 0 0 0
11.8 1.96 0 0.0205 0 0 0
12.2 1.97 0 0.0162 0 0 0
12.6 1.98 0 0.0128 0 0 0
13 1.98 0 0.0101 0 0 0
13.4 1.99 0 0.00794 0 0 0
13.8 1.99 0 0.00623 0 0 0
14.2 1.99 0 0.00488 0 0 0
14.6 1.99 0 0.00381 0 0 0
15 2 0 0.00298 0 0 0
15.4 2 0 0.00233 0 0 0
15.8 2 0 0.00182 0 0 0
16.2 2 0 0.00142 0 0 0
16.6 2 0 0.0011 0 0 0
17 2 0 0.000861 0 0 0
17.4 2 0 0.000672 0 0 0
17.8 2 0 0.000524 0 0 0
18.2 2 0 0.000408 0 0 0
18.6 2 0 0.000318 0 0 0
19 2 0 0.000248 0 0 0
19.4 2 0 0.000193 0 0 0
19.8 2 0 0.00015 0 0 0
20.2 2 0 0.000117 0 0 0
20.6 2 0 9.12e-05 0 0 0
21 2 0 7.1e-05 0 0 0
21.4 2 0 5.53e-05 0 0 0
21.8 2 0 4.31e-05 0 0 0
22.2 2 0 3.36e-05 0 0 0
22.6 2 0 2.61e-05 0 0 0
23 2 0 2.04e-05 0 0 0
23.4 2 0 1.59e-05 0 0 0
23.8 2 0 1.23e-05 0 0 0
24.2 2 0 9.61e-06 0 0 0
24.6 2 0 7.49e-06 0 0 0
25 2 0 5.84e-06 0 0 0
25.4 2 0 4.54e-06 0 0 0
25.8 2 0 3.54e-06 0 0 0
26.2 2 0 2.75e-06 0 0 0
26.6 2 0 2.14e-06 0 0 0
27 2 0 1.67e-06 0 0 0
27.4 2 0 1.3e-06 0 0 0
27.8 2 0 1.01e-06 0 0 0
28.2 2 0 7.9e-07 0 0 0
28.6 2 0 6.15e-07 0 0 0
29 2 0 4.79e-07 0 0 0
29.4 2 0 3.73e-07 0 0 0
29.8 2 0 2.9e-07 0 0 0
30.2 2 0 2.26e-07 0 0 0
30.6 2 0 1.76e-07 0 0 0
31 2 0 1.37e-07 0 0 0
31.4 2 0 1.07e-07 0 0 0
31.8 2 0 8.33e-08 0 0 0
32.2 2 0 6.48e-08 0 0 0
32.6 2 0 5.05e-08 0 0 0
33 2 0 3.93e-08 0 0 0
33.4 2 0 3.06e-08 0 0 0
33.8 2 0 2.38e-08 0 0 0
34.2 2 0 1.86e-08 0 0 0
34.6 2 0 1.45e-08 0 0 0
35 2 0 1.13e-08 0 0 0
35.4 2 0 8.78e-09 0 0 0
35.8 2 0 6.84e-09 0 0 0
36.2 2 0 5.32e-09 0 0 0
36.6 2 0 4.14e-09 0 0 0
37 2 0 3.23e-09 0 0 0
37.4 2 0 2.51e-09 0 0 0
37.8 2 0 1.96e-09 0 0 0
38.2 2 0 1.53e-09 0 0 0
38.6 2 0 1.19e-09 0 0 0
39 2 0 9.24e-10 0 0 0
39.4 2 0 7.19e-10 0 0 0
39.8 2 0 5.6e-10 0 0 0
40.2 2 0 4.36e-10 0 0 0
40.6 2 0 3.4e-10 0 0 0
41 2 0 2.65e-10 0 0 0
41.4 2 0 2.06e-10 0 0 0
41.8 2 0 1.61e-10 0 0 0
42.2 2 0 1.25e-10 0 0 0
42.6 2 0 9.75e-11 0 0 0
43 2 0 7.59e-11 0 0 0
43.4 2 0 5.91e-11 0 0 0
43.8 2 0 4.6e-11 0 0 0
44.2 2 0 3.58e-11 0 0 0
44.6 2 0 2.79e-11 0 0 0
45 2 0 2.18e-11 0 0 0
45.4 2 0 1.67e-11 0 0 0
45.9 2 0 1.28e-11 0 0 0
46.3 2 0 9.65e-12 0 0 0
46.7 2 0 7.02e-12 0 0 0
47.5 2 0 4.71e-12 0 0 0
48.4 2 0 2.74e-12 0 0 0
49.5 2 0 1.49e-12 0 0 0
50.4 2 0 8.49e-13 0 0 0
50.9 2 0 4.49e-13 0 0 0
51.8 2 0 3.1e-13 0 0 0
52.7 2 0 1.76e-13 0 0 0
53.5 2 0 1.02e-13 0 0 0
54.1 2 0 7.32e-14 0 0 0
54.9 2 0 4.7e-14 0 0 0
55.4 2 0 3.26e-14 0 0 0
55.9 2 0 2.29e-14 0 0 0
56.4 2 0 1.73e-14 0 0 0
56.9 2 0 1.31e-14 0 0 0
57.4 2 0 9.18e-15 0 0 0
58.2 2 0 5.86e-15 0 0 0
59 2 0 3.58e-15 0 0 0
59.4 2 0 2.34e-15 0 0 0
60.1 2 0 1.63e-15 0 0 0
61.5 2 0 8.95e-16 0 0 0
61.9 2 0 5.04e-16 0 0 0
62.5 2 0 3.93e-16 0 0 0
63 2 0 2.63e-16 0 0 0
64.9 2 0 1.43e-16 0 0 0
65.4 2 0 6.44e-17 0 0 0
65.8 2 0 3.93e-17 0 0 0
66.2 2 0 3.87e-17 0 0 0
66.6 2 0 2.94e-17 0 0 0
67 2 0 2.12e-17 0 0 0
67.8 2 0 1.47e-17 0 0 0
68.2 2 0 1.05e-17 0 0 0
68.6 2 0 8.55e-18 0 0 0
69 2 0 6.65e-18 0 0 0
69.4 2 0 5.18e-18 0 0 0
69.8 2 0 4.03e-18 0 0 0
70.2 2 0 3.14e-18 0 0 0
70.6 2 0 2.45e-18 0 0 0
71 2 0 1.91e-18 0 0 0
71.4 2 0 1.48e-18 0 0 0
71.8 2 0 1.16e-18 0 0 0
72.2 2 0 8.99e-19 0 0 0
72.6 2 0 7.01e-19 0 0 0
73 2 0 5.46e-19 0 0 0
73.4 2 0 4.25e-19 0 0 0
73.8 2 0 3.31e-19 0 0 0
74.2 2 0 2.58e-19 0 0 0
74.6 2 0 2.01e-19 0 0 0
75 2 0 1.56e-19 0 0 0
75.4 2 0 1.22e-19 0 0 0
75.8 2 0 9.48e-20 0 0 0
76.2 2 0 7.39e-20 0 0 0
76.6 2 0 5.75e-20 0 0 0
77 2 0 4.48e-20 0 0 0
77.4 2 0 3.49e-20 0 0 0
77.8 2 0 2.72e-20 0 0 0
78.2 2 0 2.12e-20 0 0 0
78.6 2 0 1.65e-20 0 0 0
79 2 0 1.28e-20 0 0 0
79.4 2 0 1e-20 0 0 0
79.8 2 0 7.79e-21 0 0 0
80.2 2 0 6.06e-21 0 0 0
80.6 2 0 4.72e-21 0 0 0
81 2 0 3.68e-21 0 0 0
81.4 2 0 2.86e-21 0 0 0
81.8 2 0 2.23e-21 0 0 0
82.2 2 0 1.74e-21 0 0 0
82.6 2 0 1.35e-21 0 0 0
83 2 0 1.05e-21 0 0 0
83.4 2 0 8.2e-22 0 0 0
83.8 2 0 6.39e-22 0 0 0
84.2 2 0 4.98e-22 0 0 0
84.6 2 0 3.88e-22 0 0 0
85 2 0 3.02e-22 0 0 0
85.4 2 0 2.35e-22 0 0 0
85.8 2 0 1.83e-22 0 0 0
86.2 2 0 1.43e-22 0 0 0
86.6 2 0 1.11e-22 0 0 0
87 2 0 8.66e-23 0 0 0
87.4 2 0 6.74e-23 0 0 0
87.8 2 0 5.25e-23 0 0 0
88.2 2 0 4.09e-23 0 0 0
88.6 2 0 3.18e-23 0 0 0
89 2 0 2.48e-23 0 0 0
89.4 2 0 1.93e-23 0 0 0
89.8 2 0 1.5e-23 0 0 0
90.2 2 0 1.17e-23 0 0 0
90.6 2 0 9.1e-24 0 0 0
91 2 0 7.09e-24 0 0 0
91.4 2 0 5.53e-24 0 0 0
91.8 2 0 4.31e-24 0 0 0
92.2 2 0 3.36e-24 0 0 0
92.6 2 0 2.61e-24 0 0 0
93 2 0 2.03e-24 0 0 0
93.4 2 0 1.58e-24 0 0 0
93.8 2 0 1.23e-24 0 0 0
94.2 2 0 9.61e-25 0 0 0
94.6 2 0 7.49e-25 0 0 0
95 2 0 5.83e-25 0 0 0
95.4 2 0 4.54e-25 0 0 0
95.8 2 0 3.54e-25 0 0 0
96.2 2 0 2.75e-25 0 0 0
96.6 2 0 2.14e-25 0 0 0
97 2 0 1.67e-25 0 0 0
97.4 2 0 1.3e-25 0 0 0
97.8 2 0 1.01e-25 0 0 0
98.2 2 0 7.89e-26 0 0 0
98.6 2 0 6.14e-26 0 0 0
99 2 0 4.76e-26 0 0 0
99.4 2 0 3.63e-26 0 0 0
99.8 2 0 3.08e-26 0 0 0
