-10.4 0.0202 0 1 0 0 0
-10 0.0248 0 1 0 0 0
-9.6 0.0304 0 1 0 0 0
-9.2 0.037 0 1 0 0 0
-8.8 0.045 0 1 0 0 0
-8.4 0.0544 0 1 0 0 0
-8 0.0656 0 1 0 0 0
-7.6 0.0785 0 1 0 0 0
-7.2 0.0936 0 1 0 0 0
-6.8 0.111 0 1 0 0 0
-6.4 0.131 0 1 0 0 0
-6 0.153 0 1 0 0 0
-5.6 0.178 0 1 0 0 0
-5.2 0.205 0 1 0 0 0
-4.8 0.235 0 1 0 0 0
-4.4 0.268 0 1 0 0 0
-4 0.303 0 1 0 0 0
-3.6 0.341 0 1.01 0 0 0
-3.2 0.38 0 1.01 0 0 0
-2.8 0.422 0 1.01 0 0 0
-2.4 0.466 0 1.02 0 0 0
-2 0.511 0 1.01 0 0 0
-1.6 0.557 0 1.01 0 0 0
-1.2 0.605 0 1.01 0 0 0
-0.8 0.653 0 0.999 0 0 0
-0.4 0.702 0 0.986 0 0 0
-4.44e-16 0.751 0 0.97 0 0 0
0.4 0.801 0 0.949 0 0 0
0.8 0.85 0 0.924 0 0 0
1.2 0.9 0 0.894 0 0 0
1.6 0.95 0 0.86 0 0 0
2 1 0 0.821 0 0 0
2.4 1.05 0 0.778 0 0 0
2.8 1.1 0 0.732 0 0 0
3.2 1.15 0 0.683 0 0 0
3.6 1.2 0 0.634 0 0 0
4 1.25 0 0.583 0 0 0
4.4 1.3 0 0.533 0 0 0
4.8 1.35 0 0.484 0 0 0
5.2 1.4 0 0.436 0 0 0
5.6 1.44 0 0.391 0 0 0
6 1.49 0 0.348 0 0 0
6.4 1.53 0 0.308 0 0 0
6.8 1.58 0 0.271 0 0 0
7.2 1.62 0 0.238 0 0 0
7.6 1.66 0 0.207 0 0 0
8 1.7 0 0.179 0 0 0
8.4 1.73 0 0.155 0 0 0
8.8 1.76 0 0.133 0 0 0
9.2 1.79 0 0.113 0 0 0
9.6 1.82 0 0.0964 0 0 0
10 1.85 0 0.0817 0 0 0
10.4 1.87 0 0.069 0 0 0
10.8 1.89 0 0.058 0 0 0
11.2 1.91 0 0.0486 0 0 0
11.6 1.92 0 0.0406 0 0 0
12 1.94 0 0.0338 0 0 0
12.4 1.95 0 0.0281 0 0 0
12.8 1.96 0 0.0233 0 0 0
13.2 1.96 0 0.0193 0 0 0
13.6 1.97 0 0.016 0 0 0
14 1.97 0 0.0132 0 0 0
14.4 1.98 0 0.0109 0 0 0
14.8 1.98 0 0.00893 0 0 0
15.2 1.99 0 0.00734 0 0 0
15.6 1.99 0 0.00603 0 0 0
16 1.99 0 0.00495 0 0 0
16.4 1.99 0 0.00407 0 0 0
16.8 1.99 0 0.00334 0 0 0
17.2 2 0 0.00274 0 0 0
17.6 2 0 0.00224 0 0 0
18 2 0 0.00184 0 0 0
18.4 2 0 0.00151 0 0 0
18.8 2 0 0.00123 0 0 0
19.2 2 0 0.00101 0 0 0
19.6 2 0 0.000829 0 0 0
20 2 0 0.000679 0 0 0
20.4 2 0 0.000556 0 0 0
20.8 2 0 0.000456 0 0 0
21.2 2 0 0.000373 0 0 0
21.6 2 0 0.000305 0 0 0
22 2 0 0.00025 0 0 0
22.4 2 0 0.000205 0 0 0
22.8 2 0 0.000168 0 0 0
23.2 2 0 0.000137 0 0 0
23.6 2 0 0.000113 0 0 0
24 2 0 9.21e-05 0 0 0
24.4 2 0 7.54e-05 0 0 0
24.8 2 0 6.16e-05 0 0 0
25.2 2 0 5.05e-05 0 0 0
25.6 2 0 4.14e-05 0 0 0
26 2 0 3.39e-05 0 0 0
26.4 2 0 2.77e-05 0 0 0
26.8 2 0 2.27e-05 0 0 0
27.2 2 0 1.86e-05 0 0 0
27.6 2 0 1.52e-05 0 0 0
28 2 0 1.25e-05 0 0 0
28.4 2 0 1.02e-05 0 0 0
28.8 2 0 8.36e-06 0 0 0
29.2 2 0 6.84e-06 0 0 0
29.6 2 0 5.6e-06 0 0 0
30 2 0 4.59e-06 0 0 0
30.4 2 0 3.75e-06 0 0 0
30.8 2 0 3.07e-06 0 0 0
31.2 2 0 2.52e-06 0 0 0
31.6 2 0 2.06e-06 0 0 0
32 2 0 1.69e-06 0 0 0
32.4 2 0 1.38e-06 0 0 0
32.8 2 0 1.13e-06 0 0 0
33.2 2 0 9.26e-07 0 0 0
33.6 2 0 7.58e-07 0 0 0
34 2 0 6.21e-07 0 0 0
34.4 2 0 5.08e-07 0 0 0
34.8 2 0 4.16e-07 0 0 0
35.2 2 0 3.41e-07 0 0 0
35.6 2 0 2.79e-07 0 0 0
36 2 0 2.28e-07 0 0 0
36.4 2 0 1.87e-07 0 0 0
36.8 2 0 1.53e-07 0 0 0
37.2 2 0 1.25e-07 0 0 0
37.6 2 0 1.03e-07 0 0 0
38 2 0 8.4e-08 0 0 0
38.4 2 0 6.88e-08 0 0 0
38.8 2 0 5.63e-08 0 0 0
39.2 2 0 4.61e-08 0 0 0
39.6 2 0 3.78e-08 0 0 0
40 2 0 3.09e-08 0 0 0
40.4 2 0 2.53e-08 0 0 0
40.8 2 0 2.07e-08 0 0 0
41.2 2 0 1.7e-08 0 0 0
41.6 2 0 1.39e-08 0 0 0
42 2 0 1.14e-08 0 0 0
42.4 2 0 9.3e-09 0 0 0
42.8 2 0 7.62e-09 0 0 0
43.2 2 0 6.23e-09 0 0 0
43.6 2 0 5.11e-09 0 0 0
44 2 0 4.18e-09 0 0 0
44.4 2 0 3.42e-09 0 0 0
44.8 2 0 2.8e-09 0 0 0
45.2 2 0 2.3e-09 0 0 0
45.6 2 0 1.88e-09 0 0 0
46 2 0 1.54e-09 0 0 0
46.4 2 0 1.26e-09 0 0 0
46.8 2 0 1.03e-09 0 0 0
47.2 2 0 8.45e-10 0 0 0
47.6 2 0 6.91e-10 0 0 0
48 2 0 5.66e-10 0 0 0
48.4 2 0 4.63e-10 0 0 0
48.8 2 0 3.79e-10 0 0 0
49.2 2 0 3.11e-10 0 0 0
49.6 2 0 2.54e-10 0 0 0
50 2 0 2.08e-10 0 0 0
50.4 2 0 1.7e-10 0 0 0
50.8 2 0 1.4e-10 0 0 0
51.2 2 0 1.14e-10 0 0 0
51.6 2 0 9.35e-11 0 0 0
52 2 0 7.66e-11 0 0 0
52.4 2 0 6.27e-11 0 0 0
52.8 2 0 5.14e-11 0 0 0
53.2 2 0 4.2e-11 0 0 0
53.6 2 0 3.44e-11 0 0 0
54 2 0 2.82e-11 0 0 0
54.4 2 0 2.31e-11 0 0 0
54.8 2 0 1.89e-11 0 0 0
55.2 2 0 1.55e-11 0 0 0
55.6 2 0 1.27e-11 0 0 0
56 2 0 1.04e-11 0 0 0
56.4 2 0 8.51e-12 0 0 0
56.8 2 0 6.89e-12 0 0 0
57.3 2 0 5.47e-12 0 0 0
57.8 2 0 4.14e-12 0 0 0
58.6 2 0 3.08e-12 0 0 0
59 2 0 2.31e-12 0 0 0
59.6 2 0 1.69e-12 0 0 0
60.5 2 0 1.21e-12 0 0 0
61 2 0 8.51e-13 0 0 0
61.4 2 0 6.76e-13 0 0 0
61.8 2 0 5.48e-13 0 0 0
62.6 2 0 3.98e-13 0 0 0
63.3 2 0 2.66e-13 0 0 0
64.1 2 0 1.79e-13 0 0 0
64.8 2 0 1.28e-13 0 0 0
65.3 2 0 9.31e-14 0 0 0
66.1 2 0 7.04e-14 0 0 0
66.7 2 0 5.05e-14 0 0 0
67.2 2 0 3.59e-14 0 0 0
67.8 2 0 2.62e-14 0 0 0
68.8 2 0 1.75e-14 0 0 0
69.8 2 0 1.16e-14 0 0 0
70.3 2 0 8.28e-15 0 0 0
70.9 2 0 5.58e-15 0 0 0
71.6 2 0 3.92e-15 0 0 0
72.7 2 0 2.54e-15 0 0 0
73.3 2 0 1.64e-15 0 0 0
74.2 2 0 1.21e-15 0 0 0
74.8 2 0 8.63e-16 0 0 0
75.3 2 0 6.21e-16 0 0 0
76.1 2 0 4.59e-16 0 0 0
76.8 2 0 3.2e-16 0 0 0
77.3 2 0 2.18e-16 0 0 0
78.2 2 0 1.35e-16 0 0 0
80 2 0 6.97e-17 0 0 0
80.5 2 0 4.36e-17 0 0 0
80.9 2 0 4.04e-17 0 0 0
81.3 2 0 3.32e-17 0 0 0
81.7 2 0 2.72e-17 0 0 0
82.1 2 0 2.23e-17 0 0 0
82.5 2 0 1.82e-17 0 0 0
82.9 2 0 1.49e-17 0 0 0
83.3 2 0 1.22e-17 0 0 0
83.7 2 0 1e-17 0 0 0
84.1 2 0 8.2e-18 0 0 0
84.5 2 0 6.71e-18 0 0 0
84.9 2 0 5.5e-18 0 0 0
85.3 2 0 4.51e-18 0 0 0
85.7 2 0 3.68e-18 0 0 0
86.1 2 0 3.02e-18 0 0 0
86.5 2 0 2.47e-18 0 0 0
86.9 2 0 2.02e-18 0 0 0
87.3 2 0 1.66e-18 0 0 0
87.7 2 0 1.36e-18 0 0 0
88.1 2 0 1.11e-18 0 0 0
88.5 2 0 9.08e-19 0 0 0
88.9 2 0 7.44e-19 0 0 0
89.3 2 0 6.09e-19 0 0 0
89.7 2 0 4.99e-19 0 0 0
90.1 2 0 4.08e-19 0 0 0
90.5 2 0 3.34e-19 0 0 0
90.9 2 0 2.74e-19 0 0 0
91.3 2 0 2.24e-19 0 0 0
91.7 2 0 1.83e-19 0 0 0
92.1 2 0 1.5e-19 0 0 0
92.5 2 0 1.23e-19 0 0 0
92.9 2 0 1.01e-19 0 0 0
93.3 2 0 8.24e-20 0 0 0
93.7 2 0 6.74e-20 0 0 0
94.1 2 0 5.52e-20 0 0 0
94.5 2 0 4.52e-20 0 0 0
94.9 2 0 3.7e-20 0 0 0
95.3 2 0 3.03e-20 0 0 0
95.7 2 0 2.48e-20 0 0 0
96.1 2 0 2.03e-20 0 0 0
96.5 2 0 1.66e-20 0 0 0
96.9 2 0 1.36e-20 0 0 0
97.3 2 0 1.12e-20 0 0 0
97.7 2 0 9.13e-21 0 0 0
98.1 2 0 7.47e-21 0 0 0
98.5 2 0 6.11e-21 0 0 0
98.9 2 0 5.01e-21 0 0 0
99.3 2 0 4.02e-21 0 0 0
99.7 2 0 3.41e-21 0 0 0
