-10.4 0.0203 0 1 0 0 0
-10 0.0249 0 1 0 0 0
-9.6 0.0303 0 1 0 0 0
-9.2 0.0369 0 1 0 0 0
-8.8 0.0447 0 1 0 0 0
-8.4 0.0538 0 1 0 0 0
-8 0.0645 0 1 0 0 0
-7.6 0.0769 0 1 0 0 0
-7.2 0.0911 0 1 0 0 0
-6.8 0.107 0 1 0 0 0
-6.4 0.126 0 1 0 0 0
-6 0.146 0 1 0 0 0
-5.6 0.169 0 1 0 0 0
-5.2 0.193 0 1 0 0 0
-4.8 0.22 0 1 0 0 0
-4.4 0.249 0 1 0 0 0
-4 0.28 0 1 0 0 0
-3.6 0.313 0 1 0 0 0
-3.2 0.347 0 1 0 0 0
-2.8 0.383 0 1 0 0 0
-2.4 0.42 0 1 0 0 0
-2 0.457 0 1 0 0 0
-1.6 0.495 0 1 0 0 0
-1.2 0.533 0 1 0 0 0
-0.8 0.571 0 1 0 0 0
-0.4 0.608 0 1 0 0 0
1.6e-14 0.644 0 1 0 0 0
0.4 0.679 0 1 0 0 0
0.8 0.712 0 1 0 0 0
1.2 0.744 0 1 0 0 0
1.6 0.774 0 1.09 0 0 0
2 0.802 0 1.1 0 0 0
2.4 0.827 0 1.1 0 0 0
2.8 0.85 0 1.11 0 0 0
3.2 0.871 0 1.11 0 0 0
3.6 0.89 0 1.11 0 0 0
4 0.907 0 1.12 0 0 0
4.4 0.922 0 1.12 0 0 0
4.8 0.935 0 1.12 0 0 0
5.2 0.946 0 1.12 0 0 0
5.6 0.956 0 1.12 0 0 0
6 0.964 0 1.12 0 0 0
6.4 0.971 0 1.12 0 0 0
6.8 0.977 0 1.12 0 0 0
7.2 0.983 0 1.12 0 0 0
7.6 0.987 0 1.12 0 0 0
8 0.991 0 1.12 0 0 0
8.4 0.995 0 1.12 0 0 0
8.8 0.998 0 1.11 0 0 0
9.2 1 0 1.11 0 0 0
9.6 1.01 0 1.1 0 0 0
10 1.01 0 1.1 0 0 0
10.4 1.01 0 1.09 0 0 0
10.8 1.02 0 1.09 0 0 0
11.2 1.02 0 1.07 0 0 0
11.6 1.03 0 1.06 0 0 0
12 1.04 0 1.05 0 0 0
12.4 1.04 0 1.03 0 0 0
12.8 1.05 0 1.01 0 0 0
13.2 1.07 0 0.984 0 0 0
13.6 1.08 0 0.957 0 0 0
14 1.09 0 0.926 0 0 0
14.4 1.11 0 0.893 0 0 0
14.8 1.13 0 0.857 0 0 0
15.2 1.15 0 0.819 0 0 0
15.6 1.17 0 0.777 0 0 0
16 1.2 0 0.734 0 0 0
16.4 1.23 0 0.69 0 0 0
16.8 1.26 0 0.644 0 0 0
17.2 1.29 0 0.599 0 0 0
17.6 1.32 0 0.553 0 0 0
18 1.36 0 0.508 0 0 0
18.4 1.39 0 0.464 0 0 0
18.8 1.43 0 0.422 0 0 0
19.2 1.47 0 0.382 0 0 0
19.6 1.5 0 0.344 0 0 0
20 1.54 0 0.308 0 0 0
20.4 1.58 0 0.274 0 0 0
20.8 1.62 0 0.243 0 0 0
21.2 1.65 0 0.214 0 0 0
21.6 1.69 0 0.188 0 0 0
22 1.72 0 0.164 0 0 0
22.4 1.75 0 0.143 0 0 0
22.8 1.78 0 0.124 0 0 0
23.2 1.81 0 0.106 0 0 0
23.6 1.83 0 0.0912 0 0 0
24 1.85 0 0.0778 0 0 0
24.4 1.87 0 0.0661 0 0 0
24.8 1.89 0 0.0559 0 0 0
25.2 1.91 0 0.0471 0 0 0
25.6 1.92 0 0.0395 0 0 0
26 1.94 0 0.033 0 0 0
26.4 1.95 0 0.0276 0 0 0
26.8 1.96 0 0.0229 0 0 0
27.2 1.96 0 0.019 0 0 0
27.6 1.97 0 0.0158 0 0 0
28 1.97 0 0.013 0 0 0
28.4 1.98 0 0.0108 0 0 0
28.8 1.98 0 0.00887 0 0 0
29.2 1.99 0 0.0073 0 0 0
29.6 1.99 0 0.006 0 0 0
30 1.99 0 0.00493 0 0 0
30.4 1.99 0 0.00405 0 0 0
30.8 1.99 0 0.00333 0 0 0
31.2 2 0 0.00273 0 0 0
31.6 2 0 0.00224 0 0 0
32 2 0 0.00184 0 0 0
32.4 2 0 0.0015 0 0 0
32.8 2 0 0.00123 0 0 0
33.2 2 0 0.00101 0 0 0
33.6 2 0 0.000828 0 0 0
34 2 0 0.000679 0 0 0
34.4 2 0 0.000556 0 0 0
34.8 2 0 0.000455 0 0 0
35.2 2 0 0.000373 0 0 0
35.6 2 0 0.000305 0 0 0
36 2 0 0.00025 0 0 0
36.4 2 0 0.000205 0 0 0
36.8 2 0 0.000168 0 0 0
37.2 2 0 0.000137 0 0 0
37.6 2 0 0.000113 0 0 0
38 2 0 9.21e-05 0 0 0
38.4 2 0 7.54e-05 0 0 0
38.8 2 0 6.16e-05 0 0 0
39.2 2 0 5.05e-05 0 0 0
39.6 2 0 4.14e-05 0 0 0
40 2 0 3.39e-05 0 0 0
40.4 2 0 2.77e-05 0 0 0
40.8 2 0 2.27e-05 0 0 0
41.2 2 0 1.86e-05 0 0 0
41.6 2 0 1.52e-05 0 0 0
42 2 0 1.25e-05 0 0 0
42.4 2 0 1.02e-05 0 0 0
42.8 2 0 8.36e-06 0 0 0
43.2 2 0 6.84e-06 0 0 0
43.6 2 0 5.6e-06 0 0 0
44 2 0 4.59e-06 0 0 0
44.4 2 0 3.75e-06 0 0 0
44.8 2 0 3.07e-06 0 0 0
45.2 2 0 2.52e-06 0 0 0
45.6 2 0 2.06e-06 0 0 0
46 2 0 1.69e-06 0 0 0
46.4 2 0 1.38e-06 0 0 0
46.8 2 0 1.13e-06 0 0 0
47.2 2 0 9.26e-07 0 0 0
47.6 2 0 7.58e-07 0 0 0
48 2 0 6.21e-07 0 0 0
48.4 2 0 5.08e-07 0 0 0
48.8 2 0 4.16e-07 0 0 0
49.2 2 0 3.41e-07 0 0 0
49.6 2 0 2.79e-07 0 0 0
50 2 0 2.28e-07 0 0 0
50.4 2 0 1.87e-07 0 0 0
50.8 2 0 1.53e-07 0 0 0
51.2 2 0 1.25e-07 0 0 0
51.6 2 0 1.03e-07 0 0 0
52 2 0 8.4e-08 0 0 0
52.4 2 0 6.88e-08 0 0 0
52.8 2 0 5.63e-08 0 0 0
53.2 2 0 4.61e-08 0 0 0
53.6 2 0 3.78e-08 0 0 0
54 2 0 3.09e-08 0 0 0
54.4 2 0 2.53e-08 0 0 0
54.8 2 0 2.07e-08 0 0 0
55.2 2 0 1.7e-08 0 0 0
55.6 2 0 1.39e-08 0 0 0
56 2 0 1.14e-08 0 0 0
56.4 2 0 9.3e-09 0 0 0
56.8 2 0 7.62e-09 0 0 0
57.2 2 0 6.23e-09 0 0 0
57.6 2 0 5.11e-09 0 0 0
58 2 0 4.18e-09 0 0 0
58.4 2 0 3.42e-09 0 0 0
58.8 2 0 2.8e-09 0 0 0
59.2 2 0 2.3e-09 0 0 0
59.6 2 0 1.88e-09 0 0 0
60 2 0 1.54e-09 0 0 0
60.4 2 0 1.26e-09 0 0 0
60.8 2 0 1.03e-09 0 0 0
61.2 2 0 8.45e-10 0 0 0
61.6 2 0 6.91e-10 0 0 0
62 2 0 5.66e-10 0 0 0
62.4 2 0 4.63e-10 0 0 0
62.8 2 0 3.79e-10 0 0 0
63.2 2 0 3.11e-10 0 0 0
63.6 2 0 2.54e-10 0 0 0
64 2 0 2.08e-10 0 0 0
64.4 2 0 1.7e-10 0 0 0
64.8 2 0 1.4e-10 0 0 0
65.2 2 0 1.14e-10 0 0 0
65.6 2 0 9.35e-11 0 0 0
66 2 0 7.66e-11 0 0 0
66.4 2 0 6.29e-11 0 0 0
66.8 2 0 5.11e-11 0 0 0
67.3 2 0 4.12e-11 0 0 0
67.7 2 0 3.24e-11 0 0 0
68.2 2 0 2.46e-11 0 0 0
68.8 2 0 1.82e-11 0 0 0
69.5 2 0 1.33e-11 0 0 0
70.1 2 0 9.82e-12 0 0 0
70.7 2 0 7.22e-12 0 0 0
71.5 2 0 5.17e-12 0 0 0
71.9 2 0 3.82e-12 0 0 0
72.5 2 0 2.85e-12 0 0 0
73.3 2 0 2.04e-12 0 0 0
74 2 0 1.47e-12 0 0 0
74.4 2 0 1.11e-12 0 0 0
75 2 0 8.67e-13 0 0 0
75.4 2 0 6.96e-13 0 0 0
75.8 2 0 5.68e-13 0 0 0
76.2 2 0 4.54e-13 0 0 0
76.9 2 0 3.49e-13 0 0 0
77.3 2 0 2.62e-13 0 0 0
77.9 2 0 1.95e-13 0 0 0
78.7 2 0 1.44e-13 0 0 0
79.1 2 0 1.07e-13 0 0 0
79.6 2 0 8.2e-14 0 0 0
80.3 2 0 6.15e-14 0 0 0
80.9 2 0 4.41e-14 0 0 0
81.6 2 0 3.26e-14 0 0 0
82.1 2 0 2.44e-14 0 0 0
82.5 2 0 1.9e-14 0 0 0
83.1 2 0 1.51e-14 0 0 0
83.5 2 0 1.15e-14 0 0 0
84.3 2 0 8.69e-15 0 0 0
84.8 2 0 6.26e-15 0 0 0
85.5 2 0 4.64e-15 0 0 0
85.9 2 0 3.41e-15 0 0 0
86.8 2 0 2.41e-15 0 0 0
87.3 2 0 1.72e-15 0 0 0
88 2 0 1.29e-15 0 0 0
88.5 2 0 9.82e-16 0 0 0
88.9 2 0 8.14e-16 0 0 0
89.3 2 0 6.61e-16 0 0 0
89.9 2 0 5.2e-16 0 0 0
90.4 2 0 3.94e-16 0 0 0
91 2 0 2.92e-16 0 0 0
91.6 2 0 2.17e-16 0 0 0
92.2 2 0 1.6e-16 0 0 0
92.7 2 0 1.24e-16 0 0 0
93.1 2 0 9.84e-17 0 0 0
93.6 2 0 7.94e-17 0 0 0
94 2 0 5.63e-17 0 0 0
95.6 2 0 3.56e-17 0 0 0
96 2 0 2.24e-17 0 0 0
96.4 2 0 1.82e-17 0 0 0
96.8 2 0 1.57e-17 0 0 0
97.2 2 0 1.29e-17 0 0 0
97.6 2 0 1.05e-17 0 0 0
98 2 0 8.62e-18 0 0 0
98.4 2 0 7.06e-18 0 0 0
98.8 2 0 5.78e-18 0 0 0
99.2 2 0 4.66e-18 0 0 0
99.6 2 0 3.85e-18 0 0 0
