-10.4 0.0202 0 1 0 0 0
-10 0.0247 0 1 0 0 0
-9.6 0.0303 0 1 0 0 0
-9.2 0.037 0 1 0 0 0
-8.8 0.045 0 1 0 0 0
-8.4 0.0546 0 1 0 0 0
-8 0.066 0 1 0 0 0
-7.6 0.0793 0 1 0 0 0
-7.2 0.0948 0 1 0 0 0
-6.8 0.113 0 1 0 0 0
-6.4 0.133 0 1 0 0 0
-6 0.157 0 1 0 0 0
-5.6 0.183 0 1 0 0 0
-5.2 0.212 0 1 0 0 0
-4.8 0.244 0 0.979 0 0 0
-4.4 0.28 0 0.978 0 0 0
-4 0.319 0 0.977 0 0 0
-3.6 0.36 0 0.975 0 0 0
-3.2 0.405 0 0.971 0 0 0
-2.8 0.452 0 0.966 0 0 0
-2.4 0.503 0 0.957 0 0 0
-2 0.555 0 0.945 0 0 0
-1.6 0.61 0 0.929 0 0 0
-1.2 0.667 0 0.909 0 0 0
-0.8 0.725 0 0.885 0 0 0
-0.4 0.785 0 0.856 0 0 0
1.11e-16 0.846 0 0.823 0 0 0
0.4 0.907 0 0.785 0 0 0
0.8 0.969 0 0.744 0 0 0
1.2 1.03 0 0.699 0 0 0
1.6 1.09 0 0.652 0 0 0
2 1.15 0 0.602 0 0 0
2.4 1.22 0 0.553 0 0 0
2.8 1.28 0 0.503 0 0 0
3.2 1.33 0 0.454 0 0 0
3.6 1.39 0 0.407 0 0 0
4 1.45 0 0.363 0 0 0
4.4 1.5 0 0.321 0 0 0
4.8 1.55 0 0.282 0 0 0
5.2 1.6 0 0.247 0 0 0
5.6 1.64 0 0.214 0 0 0
6 1.68 0 0.185 0 0 0
6.4 1.72 0 0.159 0 0 0
6.8 1.76 0 0.136 0 0 0
7.2 1.79 0 0.116 0 0 0
7.6 1.82 0 0.0986 0 0 0
8 1.84 0 0.0834 0 0 0
8.4 1.87 0 0.0703 0 0 0
8.8 1.89 0 0.0589 0 0 0
9.2 1.9 0 0.0493 0 0 0
9.6 1.92 0 0.0411 0 0 0
10 1.93 0 0.0342 0 0 0
10.4 1.95 0 0.0284 0 0 0
10.8 1.95 0 0.0235 0 0 0
11.2 1.96 0 0.0194 0 0 0
11.6 1.97 0 0.016 0 0 0
12 1.97 0 0.0132 0 0 0
12.4 1.98 0 0.0109 0 0 0
12.8 1.98 0 0.00895 0 0 0
13.2 1.99 0 0.00736 0 0 0
13.6 1.99 0 0.00604 0 0 0
14 1.99 0 0.00496 0 0 0
14.4 1.99 0 0.00407 0 0 0
14.8 1.99 0 0.00334 0 0 0
15.2 2 0 0.00274 0 0 0
15.6 2 0 0.00224 0 0 0
16 2 0 0.00184 0 0 0
16.4 2 0 0.00151 0 0 0
16.8 2 0 0.00124 0 0 0
17.2 2 0 0.00101 0 0 0
17.6 2 0 0.000829 0 0 0
18 2 0 0.000679 0 0 0
18.4 2 0 0.000556 0 0 0
18.8 2 0 0.000456 0 0 0
19.2 2 0 0.000373 0 0 0
19.6 2 0 0.000305 0 0 0
20 2 0 0.00025 0 0 0
20.4 2 0 0.000205 0 0 0
20.8 2 0 0.000168 0 0 0
21.2 2 0 0.000137 0 0 0
21.6 2 0 0.000113 0 0 0
22 2 0 9.21e-05 0 0 0
22.4 2 0 7.54e-05 0 0 0
22.8 2 0 6.16e-05 0 0 0
23.2 2 0 5.05e-05 0 0 0
23.6 2 0 4.14e-05 0 0 0
24 2 0 3.39e-05 0 0 0
24.4 2 0 2.77e-05 0 0 0
24.8 2 0 2.27e-05 0 0 0
25.2 2 0 1.86e-05 0 0 0
25.6 2 0 1.52e-05 0 0 0
26 2 0 1.25e-05 0 0 0
26.4 2 0 1.02e-05 0 0 0
26.8 2 0 8.36e-06 0 0 0
27.2 2 0 6.84e-06 0 0 0
27.6 2 0 5.6e-06 0 0 0
28 2 0 4.59e-06 0 0 0
28.4 2 0 3.75e-06 0 0 0
28.8 2 0 3.07e-06 0 0 0
29.2 2 0 2.52e-06 0 0 0
29.6 2 0 2.06e-06 0 0 0
30 2 0 1.69e-06 0 0 0
30.4 2 0 1.38e-06 0 0 0
30.8 2 0 1.13e-06 0 0 0
31.2 2 0 9.26e-07 0 0 0
31.6 2 0 7.58e-07 0 0 0
32 2 0 6.21e-07 0 0 0
32.4 2 0 5.08e-07 0 0 0
32.8 2 0 4.16e-07 0 0 0
33.2 2 0 3.41e-07 0 0 0
33.6 2 0 2.79e-07 0 0 0
34 2 0 2.28e-07 0 0 0
34.4 2 0 1.87e-07 0 0 0
34.8 2 0 1.53e-07 0 0 0
35.2 2 0 1.25e-07 0 0 0
35.6 2 0 1.03e-07 0 0 0
36 2 0 8.4e-08 0 0 0
36.4 2 0 6.88e-08 0 0 0
36.8 2 0 5.63e-08 0 0 0
37.2 2 0 4.61e-08 0 0 0
37.6 2 0 3.78e-08 0 0 0
38 2 0 3.09e-08 0 0 0
38.4 2 0 2.53e-08 0 0 0
38.8 2 0 2.07e-08 0 0 0
39.2 2 0 1.7e-08 0 0 0
39.6 2 0 1.39e-08 0 0 0
40 2 0 1.14e-08 0 0 0
40.4 2 0 9.3e-09 0 0 0
40.8 2 0 7.62e-09 0 0 0
41.2 2 0 6.23e-09 0 0 0
41.6 2 0 5.11e-09 0 0 0
42 2 0 4.18e-09 0 0 0
42.4 2 0 3.42e-09 0 0 0
42.8 2 0 2.8e-09 0 0 0
43.2 2 0 2.3e-09 0 0 0
43.6 2 0 1.88e-09 0 0 0
44 2 0 1.54e-09 0 0 0
44.4 2 0 1.26e-09 0 0 0
44.8 2 0 1.03e-09 0 0 0
45.2 2 0 8.45e-10 0 0 0
45.6 2 0 6.91e-10 0 0 0
46 2 0 5.66e-10 0 0 0
46.4 2 0 4.63e-10 0 0 0
46.8 2 0 3.79e-10 0 0 0
47.2 2 0 3.11e-10 0 0 0
47.6 2 0 2.54e-10 0 0 0
48 2 0 2.08e-10 0 0 0
48.4 2 0 1.7e-10 0 0 0
48.8 2 0 1.4e-10 0 0 0
49.2 2 0 1.14e-10 0 0 0
49.6 2 0 9.35e-11 0 0 0
50 2 0 7.66e-11 0 0 0
50.4 2 0 6.27e-11 0 0 0
50.8 2 0 5.14e-11 0 0 0
51.2 2 0 4.2e-11 0 0 0
51.6 2 0 3.44e-11 0 0 0
52 2 0 2.82e-11 0 0 0
52.4 2 0 2.31e-11 0 0 0
52.8 2 0 1.89e-11 0 0 0
53.2 2 0 1.55e-11 0 0 0
53.6 2 0 1.27e-11 0 0 0
54 2 0 1.04e-11 0 0 0
54.4 2 0 8.48e-12 0 0 0
54.8 2 0 6.95e-12 0 0 0
55.2 2 0 5.7e-12 0 0 0
55.6 2 0 4.67e-12 0 0 0
56 2 0 3.73e-12 0 0 0
56.6 2 0 2.78e-12 0 0 0
57.5 2 0 1.99e-12 0 0 0
57.9 2 0 1.43e-12 0 0 0
58.5 2 0 1.07e-12 0 0 0
59.4 2 0 7.69e-13 0 0 0
59.8 2 0 5.15e-13 0 0 0
60.8 2 0 3.72e-13 0 0 0
61.3 2 0 2.45e-13 0 0 0
62.5 2 0 1.59e-13 0 0 0
63.3 2 0 9.73e-14 0 0 0
64 2 0 5.91e-14 0 0 0
65.5 2 0 3.77e-14 0 0 0
66.1 2 0 2.23e-14 0 0 0
67 2 0 1.59e-14 0 0 0
67.5 2 0 1.22e-14 0 0 0
68 2 0 9.27e-15 0 0 0
68.5 2 0 7.06e-15 0 0 0
69.3 2 0 4.94e-15 0 0 0
69.9 2 0 3.34e-15 0 0 0
70.9 2 0 2.4e-15 0 0 0
71.4 2 0 1.67e-15 0 0 0
72.2 2 0 1.22e-15 0 0 0
72.7 2 0 8.51e-16 0 0 0
73.6 2 0 5.63e-16 0 0 0
74.6 2 0 3.92e-16 0 0 0
75 2 0 2.94e-16 0 0 0
75.4 2 0 2.1e-16 0 0 0
76.1 2 0 1.51e-16 0 0 0
77.3 2 0 8.92e-17 0 0 0
78.4 2 0 5.29e-17 0 0 0
