-10.4 0.0203 0 1 0 0 0
-10 0.0249 0 1 0 0 0
-9.6 0.0304 0 1 0 0 0
-9.2 0.037 0 1 0 0 0
-8.8 0.0448 0 1 0 0 0
-8.4 0.054 0 1 0 0 0
-8 0.0648 0 1 0 0 0
-7.6 0.0773 0 1 0 0 0
-7.2 0.0917 0 1 0 0 0
-6.8 0.108 0 1 0 0 0
-6.4 0.127 0 1 0 0 0
-6 0.147 0 1 0 0 0
-5.6 0.17 0 1 0 0 0
-5.2 0.196 0 1 0 0 0
-4.8 0.223 0 1 0 0 0
-4.4 0.253 0 1 0 0 0
-4 0.284 0 1 0 0 0
-3.6 0.318 0 1 0 0 0
-3.2 0.353 0 1 0 0 0
-2.8 0.389 0 1 0 0 0
-2.4 0.427 0 1 0 0 0
-2 0.465 0 1 0 0 0
-1.6 0.504 0 1 0 0 0
-1.2 0.542 0 1 0 0 0
-0.8 0.581 0 1 0 0 0
-0.4 0.618 0 1 0 0 0
5.33e-15 0.655 0 1 0 0 0
0.4 0.69 0 1.09 0 0 0
0.8 0.724 0 1.1 0 0 0
1.2 0.756 0 1.11 0 0 0
1.6 0.786 0 1.11 0 0 0
2 0.814 0 1.11 0 0 0
2.4 0.84 0 1.12 0 0 0
2.8 0.864 0 1.12 0 0 0
3.2 0.886 0 1.12 0 0 0
3.6 0.907 0 1.12 0 0 0
4 0.925 0 1.12 0 0 0
4.4 0.942 0 1.11 0 0 0
4.8 0.958 0 1.11 0 0 0
5.2 0.972 0 1.1 0 0 0
5.6 0.986 0 1.09 0 0 0
6 1 0 1.07 0 0 0
6.4 1.01 0 1.06 0 0 0
6.8 1.03 0 1.04 0 0 0
7.2 1.04 0 1.02 0 0 0
7.6 1.06 0 0.99 0 0 0
8 1.07 0 0.96 0 0 0
8.4 1.09 0 0.927 0 0 0
8.8 1.11 0 0.891 0 0 0
9.2 1.13 0 0.853 0 0 0
9.6 1.16 0 0.81 0 0 0
10 1.19 0 0.766 0 0 0
10.4 1.21 0 0.719 0 0 0
10.8 1.24 0 0.672 0 0 0
11.2 1.28 0 0.624 0 0 0
11.6 1.31 0 0.576 0 0 0
12 1.35 0 0.528 0 0 0
12.4 1.38 0 0.482 0 0 0
12.8 1.42 0 0.438 0 0 0
13.2 1.46 0 0.395 0 0 0
13.6 1.5 0 0.355 0 0 0
14 1.54 0 0.317 0 0 0
14.4 1.57 0 0.282 0 0 0
14.8 1.61 0 0.25 0 0 0
15.2 1.65 0 0.22 0 0 0
15.6 1.68 0 0.193 0 0 0
16 1.72 0 0.168 0 0 0
16.4 1.75 0 0.146 0 0 0
16.8 1.78 0 0.126 0 0 0
17.2 1.8 0 0.108 0 0 0
17.6 1.83 0 0.0924 0 0 0
18 1.85 0 0.0787 0 0 0
18.4 1.87 0 0.0667 0 0 0
18.8 1.89 0 0.0564 0 0 0
19.2 1.91 0 0.0474 0 0 0
19.6 1.92 0 0.0397 0 0 0
20 1.94 0 0.0332 0 0 0
20.4 1.95 0 0.0277 0 0 0
20.8 1.96 0 0.023 0 0 0
21.2 1.96 0 0.0191 0 0 0
21.6 1.97 0 0.0158 0 0 0
22 1.97 0 0.0131 0 0 0
22.4 1.98 0 0.0108 0 0 0
22.8 1.98 0 0.00887 0 0 0
23.2 1.99 0 0.00731 0 0 0
23.6 1.99 0 0.00601 0 0 0
24 1.99 0 0.00495 0 0 0
24.4 1.99 0 0.00406 0 0 0
24.8 1.99 0 0.00333 0 0 0
25.2 2 0 0.00273 0 0 0
25.6 2 0 0.00224 0 0 0
26 2 0 0.00184 0 0 0
26.4 2 0 0.00151 0 0 0
26.8 2 0 0.00123 0 0 0
27.2 2 0 0.00101 0 0 0
27.6 2 0 0.000828 0 0 0
28 2 0 0.000679 0 0 0
28.4 2 0 0.000556 0 0 0
28.8 2 0 0.000455 0 0 0
29.2 2 0 0.000373 0 0 0
29.6 2 0 0.000305 0 0 0
30 2 0 0.00025 0 0 0
30.4 2 0 0.000205 0 0 0
30.8 2 0 0.000168 0 0 0
31.2 2 0 0.000137 0 0 0
31.6 2 0 0.000113 0 0 0
32 2 0 9.21e-05 0 0 0
32.4 2 0 7.54e-05 0 0 0
32.8 2 0 6.16e-05 0 0 0
33.2 2 0 5.05e-05 0 0 0
33.6 2 0 4.14e-05 0 0 0
34 2 0 3.39e-05 0 0 0
34.4 2 0 2.77e-05 0 0 0
34.8 2 0 2.27e-05 0 0 0
35.2 2 0 1.86e-05 0 0 0
35.6 2 0 1.52e-05 0 0 0
36 2 0 1.25e-05 0 0 0
36.4 2 0 1.02e-05 0 0 0
36.8 2 0 8.36e-06 0 0 0
37.2 2 0 6.84e-06 0 0 0
37.6 2 0 5.6e-06 0 0 0
38 2 0 4.59e-06 0 0 0
38.4 2 0 3.75e-06 0 0 0
38.8 2 0 3.07e-06 0 0 0
39.2 2 0 2.52e-06 0 0 0
39.6 2 0 2.06e-06 0 0 0
40 2 0 1.69e-06 0 0 0
40.4 2 0 1.38e-06 0 0 0
40.8 2 0 1.13e-06 0 0 0
41.2 2 0 9.26e-07 0 0 0
41.6 2 0 7.58e-07 0 0 0
42 2 0 6.21e-07 0 0 0
42.4 2 0 5.08e-07 0 0 0
42.8 2 0 4.16e-07 0 0 0
43.2 2 0 3.41e-07 0 0 0
43.6 2 0 2.79e-07 0 0 0
44 2 0 2.28e-07 0 0 0
44.4 2 0 1.87e-07 0 0 0
44.8 2 0 1.53e-07 0 0 0
45.2 2 0 1.25e-07 0 0 0
45.6 2 0 1.03e-07 0 0 0
46 2 0 8.4e-08 0 0 0
46.4 2 0 6.88e-08 0 0 0
46.8 2 0 5.63e-08 0 0 0
47.2 2 0 4.61e-08 0 0 0
47.6 2 0 3.78e-08 0 0 0
48 2 0 3.09e-08 0 0 0
48.4 2 0 2.53e-08 0 0 0
48.8 2 0 2.07e-08 0 0 0
49.2 2 0 1.7e-08 0 0 0
49.6 2 0 1.39e-08 0 0 0
50 2 0 1.14e-08 0 0 0
50.4 2 0 9.3e-09 0 0 0
50.8 2 0 7.62e-09 0 0 0
51.2 2 0 6.23e-09 0 0 0
51.6 2 0 5.11e-09 0 0 0
52 2 0 4.18e-09 0 0 0
52.4 2 0 3.42e-09 0 0 0
52.8 2 0 2.8e-09 0 0 0
53.2 2 0 2.3e-09 0 0 0
53.6 2 0 1.88e-09 0 0 0
54 2 0 1.54e-09 0 0 0
54.4 2 0 1.26e-09 0 0 0
54.8 2 0 1.03e-09 0 0 0
55.2 2 0 8.45e-10 0 0 0
55.6 2 0 6.91e-10 0 0 0
56 2 0 5.66e-10 0 0 0
56.4 2 0 4.63e-10 0 0 0
56.8 2 0 3.79e-10 0 0 0
57.2 2 0 3.11e-10 0 0 0
57.6 2 0 2.54e-10 0 0 0
58 2 0 2.08e-10 0 0 0
58.4 2 0 1.7e-10 0 0 0
58.8 2 0 1.4e-10 0 0 0
59.2 2 0 1.14e-10 0 0 0
59.6 2 0 9.35e-11 0 0 0
60 2 0 7.66e-11 0 0 0
60.4 2 0 6.3e-11 0 0 0
60.8 2 0 5.08e-11 0 0 0
61.4 2 0 4e-11 0 0 0
61.8 2 0 3.14e-11 0 0 0
62.2 2 0 2.52e-11 0 0 0
62.7 2 0 2e-11 0 0 0
63.3 2 0 1.47e-11 0 0 0
64.1 2 0 9.99e-12 0 0 0
64.9 2 0 6.45e-12 0 0 0
65.6 2 0 4.25e-12 0 0 0
66.7 2 0 2.68e-12 0 0 0
67.3 2 0 1.85e-12 0 0 0
68 2 0 1.4e-12 0 0 0
68.7 2 0 1.03e-12 0 0 0
69.2 2 0 7.74e-13 0 0 0
69.9 2 0 5.6e-13 0 0 0
70.5 2 0 3.95e-13 0 0 0
71.2 2 0 2.8e-13 0 0 0
71.7 2 0 2.12e-13 0 0 0
72.2 2 0 1.66e-13 0 0 0
73 2 0 1.19e-13 0 0 0
73.8 2 0 8.04e-14 0 0 0
74.5 2 0 5.46e-14 0 0 0
75.1 2 0 4.14e-14 0 0 0
75.5 2 0 3.05e-14 0 0 0
76.4 2 0 2.11e-14 0 0 0
77.4 2 0 1.32e-14 0 0 0
78.1 2 0 8.16e-15 0 0 0
79.2 2 0 5.46e-15 0 0 0
80.1 2 0 3.45e-15 0 0 0
80.6 2 0 2.35e-15 0 0 0
81.5 2 0 1.72e-15 0 0 0
82.1 2 0 1.18e-15 0 0 0
82.8 2 0 9.15e-16 0 0 0
83.2 2 0 6.73e-16 0 0 0
83.9 2 0 5.08e-16 0 0 0
84.5 2 0 3.45e-16 0 0 0
86 2 0 2.12e-16 0 0 0
86.6 2 0 1.31e-16 0 0 0
87.1 2 0 9.3e-17 0 0 0
87.6 2 0 7.71e-17 0 0 0
88 2 0 6.22e-17 0 0 0
88.5 2 0 5e-17 0 0 0
88.9 2 0 4.03e-17 0 0 0
89.3 2 0 3.27e-17 0 0 0
89.7 2 0 2.71e-17 0 0 0
