-10.4 0.0203 0 1 0 0 0
-10 0.0248 0 1 0 0 0
-9.6 0.0304 0 1 0 0 0
-9.2 0.037 0 1 0 0 0
-8.8 0.0449 0 1 0 0 0
-8.4 0.0543 0 1 0 0 0
-8 0.0653 0 1 0 0 0
-7.6 0.0781 0 1 0 0 0
-7.2 0.0929 0 1 0 0 0
-6.8 0.11 0 1 0 0 0
-6.4 0.129 0 1 0 0 0
-6 0.151 0 1 0 0 0
-5.6 0.175 0 1 0 0 0
-5.2 0.201 0 1 0 0 0
-4.8 0.23 0 1 0 0 0
-4.4 0.261 0 1 0 0 0
-4 0.295 0 1 0 0 0
-3.6 0.33 0 1 0 0 0
-3.2 0.368 0 1 0 0 0
-2.8 0.407 0 1 0 0 0
-2.4 0.447 0 1.04 0 0 0
-2 0.489 0 1.04 0 0 0
-1.6 0.531 0 1.05 0 0 0
-1.2 0.573 0 1.05 0 0 0
-0.8 0.616 0 1.05 0 0 0
-0.4 0.659 0 1.05 0 0 0
-1.33e-15 0.701 0 1.05 0 0 0
0.4 0.743 0 1.04 0 0 0
0.8 0.784 0 1.03 0 0 0
1.2 0.824 0 1.02 0 0 0
1.6 0.864 0 1 0 0 0
2 0.903 0 0.982 0 0 0
2.4 0.942 0 0.956 0 0 0
2.8 0.98 0 0.926 0 0 0
3.2 1.02 0 0.891 0 0 0
3.6 1.06 0 0.852 0 0 0
4 1.1 0 0.809 0 0 0
4.4 1.14 0 0.763 0 0 0
4.8 1.18 0 0.715 0 0 0
5.2 1.22 0 0.666 0 0 0
5.6 1.26 0 0.616 0 0 0
6 1.3 0 0.566 0 0 0
6.4 1.34 0 0.517 0 0 0
6.8 1.38 0 0.469 0 0 0
7.2 1.43 0 0.423 0 0 0
7.6 1.47 0 0.379 0 0 0
8 1.51 0 0.338 0 0 0
8.4 1.55 0 0.299 0 0 0
8.8 1.59 0 0.264 0 0 0
9.2 1.63 0 0.231 0 0 0
9.6 1.67 0 0.202 0 0 0
10 1.7 0 0.175 0 0 0
10.4 1.74 0 0.151 0 0 0
10.8 1.77 0 0.13 0 0 0
11.2 1.8 0 0.111 0 0 0
11.6 1.82 0 0.095 0 0 0
12 1.85 0 0.0807 0 0 0
12.4 1.87 0 0.0682 0 0 0
12.8 1.89 0 0.0575 0 0 0
13.2 1.91 0 0.0482 0 0 0
13.6 1.92 0 0.0403 0 0 0
14 1.94 0 0.0336 0 0 0
14.4 1.95 0 0.028 0 0 0
14.8 1.95 0 0.0232 0 0 0
15.2 1.96 0 0.0192 0 0 0
15.6 1.97 0 0.0159 0 0 0
16 1.97 0 0.0131 0 0 0
16.4 1.98 0 0.0108 0 0 0
16.8 1.98 0 0.00891 0 0 0
17.2 1.99 0 0.00733 0 0 0
17.6 1.99 0 0.00603 0 0 0
18 1.99 0 0.00495 0 0 0
18.4 1.99 0 0.00407 0 0 0
18.8 1.99 0 0.00333 0 0 0
19.2 2 0 0.00274 0 0 0
19.6 2 0 0.00224 0 0 0
20 2 0 0.00184 0 0 0
20.4 2 0 0.00151 0 0 0
20.8 2 0 0.00123 0 0 0
21.2 2 0 0.00101 0 0 0
21.6 2 0 0.000828 0 0 0
22 2 0 0.000679 0 0 0
22.4 2 0 0.000556 0 0 0
22.8 2 0 0.000456 0 0 0
23.2 2 0 0.000373 0 0 0
23.6 2 0 0.000305 0 0 0
24 2 0 0.00025 0 0 0
24.4 2 0 0.000205 0 0 0
24.8 2 0 0.000168 0 0 0
25.2 2 0 0.000137 0 0 0
25.6 2 0 0.000113 0 0 0
26 2 0 9.21e-05 0 0 0
26.4 2 0 7.54e-05 0 0 0
26.8 2 0 6.16e-05 0 0 0
27.2 2 0 5.05e-05 0 0 0
27.6 2 0 4.14e-05 0 0 0
28 2 0 3.39e-05 0 0 0
28.4 2 0 2.77e-05 0 0 0
28.8 2 0 2.27e-05 0 0 0
29.2 2 0 1.86e-05 0 0 0
29.6 2 0 1.52e-05 0 0 0
30 2 0 1.25e-05 0 0 0
30.4 2 0 1.02e-05 0 0 0
30.8 2 0 8.36e-06 0 0 0
31.2 2 0 6.84e-06 0 0 0
31.6 2 0 5.6e-06 0 0 0
32 2 0 4.59e-06 0 0 0
32.4 2 0 3.75e-06 0 0 0
32.8 2 0 3.07e-06 0 0 0
33.2 2 0 2.52e-06 0 0 0
33.6 2 0 2.06e-06 0 0 0
34 2 0 1.69e-06 0 0 0
34.4 2 0 1.38e-06 0 0 0
34.8 2 0 1.13e-06 0 0 0
35.2 2 0 9.26e-07 0 0 0
35.6 2 0 7.58e-07 0 0 0
36 2 0 6.21e-07 0 0 0
36.4 2 0 5.08e-07 0 0 0
36.8 2 0 4.16e-07 0 0 0
37.2 2 0 3.41e-07 0 0 0
37.6 2 0 2.79e-07 0 0 0
38 2 0 2.28e-07 0 0 0
38.4 2 0 1.87e-07 0 0 0
38.8 2 0 1.53e-07 0 0 0
39.2 2 0 1.25e-07 0 0 0
39.6 2 0 1.03e-07 0 0 0
40 2 0 8.4e-08 0 0 0
40.4 2 0 6.88e-08 0 0 0
40.8 2 0 5.63e-08 0 0 0
41.2 2 0 4.61e-08 0 0 0
41.6 2 0 3.78e-08 0 0 0
42 2 0 3.09e-08 0 0 0
42.4 2 0 2.53e-08 0 0 0
42.8 2 0 2.07e-08 0 0 0
43.2 2 0 1.7e-08 0 0 0
43.6 2 0 1.39e-08 0 0 0
44 2 0 1.14e-08 0 0 0
44.4 2 0 9.3e-09 0 0 0
44.8 2 0 7.62e-09 0 0 0
45.2 2 0 6.23e-09 0 0 0
45.6 2 0 5.11e-09 0 0 0
46 2 0 4.18e-09 0 0 0
46.4 2 0 3.42e-09 0 0 0
46.8 2 0 2.8e-09 0 0 0
47.2 2 0 2.3e-09 0 0 0
47.6 2 0 1.88e-09 0 0 0
48 2 0 1.54e-09 0 0 0
48.4 2 0 1.26e-09 0 0 0
48.8 2 0 1.03e-09 0 0 0
49.2 2 0 8.45e-10 0 0 0
49.6 2 0 6.91e-10 0 0 0
50 2 0 5.66e-10 0 0 0
50.4 2 0 4.63e-10 0 0 0
50.8 2 0 3.79e-10 0 0 0
51.2 2 0 3.11e-10 0 0 0
51.6 2 0 2.54e-10 0 0 0
52 2 0 2.08e-10 0 0 0
52.4 2 0 1.7e-10 0 0 0
52.8 2 0 1.4e-10 0 0 0
53.2 2 0 1.14e-10 0 0 0
53.6 2 0 9.35e-11 0 0 0
54 2 0 7.66e-11 0 0 0
54.4 2 0 6.27e-11 0 0 0
54.8 2 0 5.14e-11 0 0 0
55.2 2 0 4.2e-11 0 0 0
55.6 2 0 3.45e-11 0 0 0
56 2 0 2.82e-11 0 0 0
56.4 2 0 2.27e-11 0 0 0
56.9 2 0 1.83e-11 0 0 0
57.3 2 0 1.46e-11 0 0 0
57.7 2 0 1.13e-11 0 0 0
58.5 2 0 8.36e-12 0 0 0
59 2 0 6.15e-12 0 0 0
59.5 2 0 4.84e-12 0 0 0
59.9 2 0 3.71e-12 0 0 0
60.8 2 0 2.7e-12 0 0 0
61.3 2 0 1.85e-12 0 0 0
62.3 2 0 1.32e-12 0 0 0
62.8 2 0 9.52e-13 0 0 0
63.2 2 0 7.49e-13 0 0 0
63.7 2 0 6.08e-13 0 0 0
64.1 2 0 4.57e-13 0 0 0
65.2 2 0 3.12e-13 0 0 0
66.1 2 0 2.01e-13 0 0 0
66.6 2 0 1.33e-13 0 0 0
67.5 2 0 9.13e-14 0 0 0
68.3 2 0 6.28e-14 0 0 0
68.8 2 0 4.45e-14 0 0 0
69.5 2 0 3.24e-14 0 0 0
70.4 2 0 2.21e-14 0 0 0
71 2 0 1.46e-14 0 0 0
71.7 2 0 1.1e-14 0 0 0
72.4 2 0 8.03e-15 0 0 0
72.9 2 0 5.67e-15 0 0 0
73.8 2 0 3.81e-15 0 0 0
74.8 2 0 2.35e-15 0 0 0
75.5 2 0 1.5e-15 0 0 0
76.6 2 0 1.02e-15 0 0 0
77.2 2 0 6.89e-16 0 0 0
77.6 2 0 5.34e-16 0 0 0
78.5 2 0 3.91e-16 0 0 0
78.9 2 0 2.81e-16 0 0 0
79.5 2 0 1.96e-16 0 0 0
81.2 2 0 1.17e-16 0 0 0
81.6 2 0 7.02e-17 0 0 0
82.4 2 0 6.6e-17 0 0 0
