-10.4 0.0203 0 1 0 0 0
-10 0.0249 0 1 0 0 0
-9.6 0.0303 0 1 0 0 0
-9.2 0.0369 0 1 0 0 0
-8.8 0.0446 0 1 0 0 0
-8.4 0.0538 0 1 0 0 0
-8 0.0645 0 1 0 0 0
-7.6 0.0768 0 1 0 0 0
-7.2 0.091 0 1 0 0 0
-6.8 0.107 0 1 0 0 0
-6.4 0.125 0 1 0 0 0
-6 0.146 0 1 0 0 0
-5.6 0.168 0 1 0 0 0
-5.2 0.193 0 1 0 0 0
-4.8 0.22 0 1 0 0 0
-4.4 0.249 0 1 0 0 0
-4 0.279 0 1 0 0 0
-3.6 0.312 0 1 0 0 0
-3.2 0.346 0 1 0 0 0
-2.8 0.382 0 1 0 0 0
-2.4 0.418 0 1 0 0 0
-2 0.456 0 1 0 0 0
-1.6 0.494 0 1 0 0 0
-1.2 0.531 0 1 0 0 0
-0.8 0.569 0 1 0 0 0
-0.4 0.606 0 1 0 0 0
1.95e-14 0.642 0 1 0 0 0
0.4 0.677 0 1 0 0 0
0.8 0.71 0 1 0 0 0
1.2 0.742 0 1 0 0 0
1.6 0.772 0 1.09 0 0 0
2 0.8 0 1.09 0 0 0
2.4 0.825 0 1.1 0 0 0
2.8 0.848 0 1.1 0 0 0
3.2 0.87 0 1.1 0 0 0
3.6 0.889 0 1.11 0 0 0
4 0.905 0 1.11 0 0 0
4.4 0.92 0 1.11 0 0 0
4.8 0.933 0 1.11 0 0 0
5.2 0.945 0 1.12 0 0 0
5.6 0.954 0 1.12 0 0 0
6 0.962 0 1.12 0 0 0
6.4 0.969 0 1.12 0 0 0
6.8 0.975 0 1.12 0 0 0
7.2 0.98 0 1.12 0 0 0
7.6 0.984 0 1.12 0 0 0
8 0.988 0 1.12 0 0 0
8.4 0.991 0 1.12 0 0 0
8.8 0.993 0 1.12 0 0 0
9.2 0.996 0 1.11 0 0 0
9.6 0.998 0 1.11 0 0 0
10 1 0 1.11 0 0 0
10.4 1 0 1.11 0 0 0
10.8 1 0 1.11 0 0 0
11.2 1.01 0 1.1 0 0 0
11.6 1.01 0 1.1 0 0 0
12 1.01 0 1.09 0 0 0
12.4 1.02 0 1.08 0 0 0
12.8 1.02 0 1.08 0 0 0
13.2 1.02 0 1.07 0 0 0
13.6 1.03 0 1.05 0 0 0
14 1.04 0 1.04 0 0 0
14.4 1.05 0 1.02 0 0 0
14.8 1.06 0 0.999 0 0 0
15.2 1.07 0 0.975 0 0 0
15.6 1.08 0 0.947 0 0 0
16 1.09 0 0.917 0 0 0
16.4 1.11 0 0.885 0 0 0
16.8 1.13 0 0.849 0 0 0
17.2 1.15 0 0.811 0 0 0
17.6 1.17 0 0.77 0 0 0
18 1.2 0 0.727 0 0 0
18.4 1.23 0 0.683 0 0 0
18.8 1.26 0 0.638 0 0 0
19.2 1.29 0 0.593 0 0 0
19.6 1.32 0 0.548 0 0 0
20 1.36 0 0.503 0 0 0
20.4 1.39 0 0.46 0 0 0
20.8 1.43 0 0.419 0 0 0
21.2 1.47 0 0.379 0 0 0
21.6 1.51 0 0.341 0 0 0
22 1.54 0 0.306 0 0 0
22.4 1.58 0 0.272 0 0 0
22.8 1.62 0 0.242 0 0 0
23.2 1.65 0 0.213 0 0 0
23.6 1.69 0 0.187 0 0 0
24 1.72 0 0.163 0 0 0
24.4 1.75 0 0.142 0 0 0
24.8 1.78 0 0.123 0 0 0
25.2 1.81 0 0.106 0 0 0
25.6 1.83 0 0.0908 0 0 0
26 1.85 0 0.0775 0 0 0
26.4 1.87 0 0.0658 0 0 0
26.8 1.89 0 0.0556 0 0 0
27.2 1.91 0 0.0469 0 0 0
27.6 1.92 0 0.0394 0 0 0
28 1.94 0 0.033 0 0 0
28.4 1.95 0 0.0275 0 0 0
28.8 1.96 0 0.0229 0 0 0
29.2 1.96 0 0.019 0 0 0
29.6 1.97 0 0.0158 0 0 0
30 1.97 0 0.013 0 0 0
30.4 1.98 0 0.0108 0 0 0
30.8 1.98 0 0.00886 0 0 0
31.2 1.99 0 0.0073 0 0 0
31.6 1.99 0 0.006 0 0 0
32 1.99 0 0.00493 0 0 0
32.4 1.99 0 0.00405 0 0 0
32.8 1.99 0 0.00333 0 0 0
33.2 2 0 0.00273 0 0 0
33.6 2 0 0.00224 0 0 0
34 2 0 0.00184 0 0 0
34.4 2 0 0.0015 0 0 0
34.8 2 0 0.00123 0 0 0
35.2 2 0 0.00101 0 0 0
35.6 2 0 0.000828 0 0 0
36 2 0 0.000679 0 0 0
36.4 2 0 0.000556 0 0 0
36.8 2 0 0.000455 0 0 0
37.2 2 0 0.000373 0 0 0
37.6 2 0 0.000305 0 0 0
38 2 0 0.00025 0 0 0
38.4 2 0 0.000205 0 0 0
38.8 2 0 0.000168 0 0 0
39.2 2 0 0.000137 0 0 0
39.6 2 0 0.000113 0 0 0
40 2 0 9.21e-05 0 0 0
40.4 2 0 7.54e-05 0 0 0
40.8 2 0 6.16e-05 0 0 0
41.2 2 0 5.05e-05 0 0 0
41.6 2 0 4.14e-05 0 0 0
42 2 0 3.39e-05 0 0 0
42.4 2 0 2.77e-05 0 0 0
42.8 2 0 2.27e-05 0 0 0
43.2 2 0 1.86e-05 0 0 0
43.6 2 0 1.52e-05 0 0 0
44 2 0 1.25e-05 0 0 0
44.4 2 0 1.02e-05 0 0 0
44.8 2 0 8.36e-06 0 0 0
45.2 2 0 6.84e-06 0 0 0
45.6 2 0 5.6e-06 0 0 0
46 2 0 4.59e-06 0 0 0
46.4 2 0 3.75e-06 0 0 0
46.8 2 0 3.07e-06 0 0 0
47.2 2 0 2.52e-06 0 0 0
47.6 2 0 2.06e-06 0 0 0
48 2 0 1.69e-06 0 0 0
48.4 2 0 1.38e-06 0 0 0
48.8 2 0 1.13e-06 0 0 0
49.2 2 0 9.26e-07 0 0 0
49.6 2 0 7.58e-07 0 0 0
50 2 0 6.21e-07 0 0 0
50.4 2 0 5.08e-07 0 0 0
50.8 2 0 4.16e-07 0 0 0
51.2 2 0 3.41e-07 0 0 0
51.6 2 0 2.79e-07 0 0 0
52 2 0 2.28e-07 0 0 0
52.4 2 0 1.87e-07 0 0 0
52.8 2 0 1.53e-07 0 0 0
53.2 2 0 1.25e-07 0 0 0
53.6 2 0 1.03e-07 0 0 0
54 2 0 8.4e-08 0 0 0
54.4 2 0 6.88e-08 0 0 0
54.8 2 0 5.63e-08 0 0 0
55.2 2 0 4.61e-08 0 0 0
55.6 2 0 3.78e-08 0 0 0
56 2 0 3.09e-08 0 0 0
56.4 2 0 2.53e-08 0 0 0
56.8 2 0 2.07e-08 0 0 0
57.2 2 0 1.7e-08 0 0 0
57.6 2 0 1.39e-08 0 0 0
58 2 0 1.14e-08 0 0 0
58.4 2 0 9.3e-09 0 0 0
58.8 2 0 7.62e-09 0 0 0
59.2 2 0 6.23e-09 0 0 0
59.6 2 0 5.11e-09 0 0 0
60 2 0 4.18e-09 0 0 0
60.4 2 0 3.42e-09 0 0 0
60.8 2 0 2.8e-09 0 0 0
61.2 2 0 2.3e-09 0 0 0
61.6 2 0 1.88e-09 0 0 0
62 2 0 1.54e-09 0 0 0
62.4 2 0 1.26e-09 0 0 0
62.8 2 0 1.03e-09 0 0 0
63.2 2 0 8.45e-10 0 0 0
63.6 2 0 6.91e-10 0 0 0
64 2 0 5.66e-10 0 0 0
64.4 2 0 4.63e-10 0 0 0
64.8 2 0 3.79e-10 0 0 0
65.2 2 0 3.11e-10 0 0 0
65.6 2 0 2.54e-10 0 0 0
66 2 0 2.08e-10 0 0 0
66.4 2 0 1.7e-10 0 0 0
66.8 2 0 1.4e-10 0 0 0
67.2 2 0 1.14e-10 0 0 0
67.6 2 0 9.37e-11 0 0 0
68 2 0 7.67e-11 0 0 0
68.4 2 0 6.16e-11 0 0 0
69 2 0 4.62e-11 0 0 0
69.9 2 0 3.18e-11 0 0 0
70.5 2 0 2.14e-11 0 0 0
71.2 2 0 1.52e-11 0 0 0
71.8 2 0 1.15e-11 0 0 0
72.4 2 0 8.31e-12 0 0 0
73.6 2 0 5.25e-12 0 0 0
74.5 2 0 2.91e-12 0 0 0
75.8 2 0 1.58e-12 0 0 0
76.8 2 0 8.89e-13 0 0 0
77.7 2 0 5.27e-13 0 0 0
79.6 2 0 2.76e-13 0 0 0
80.8 2 0 1.05e-13 0 0 0
82.3 2 0 6.18e-14 0 0 0
83.2 2 0 3.65e-14 0 0 0
84.3 2 0 2.25e-14 0 0 0
85.3 2 0 1.1e-14 0 0 0
88.2 2 0 5.16e-15 0 0 0
88.7 2 0 1.38e-15 0 0 0
90.3 2 0 1.02e-15 0 0 0
90.7 2 0 7.55e-16 0 0 0
91.7 2 0 4.96e-16 0 0 0
94.4 2 0 2.19e-16 0 0 0
95.6 2 0 6.54e-17 0 0 0
97.6 2 0 1.84e-17 0 0 0
98 2 0 1.41e-17 0 0 0
