-6.6 0.0295 0.109 1
-6.2 0.0417 0.137 1
-5.8 0.0569 0.168 1
-5.4 0.0756 0.204 1
-5 0.0979 0.243 1
-4.6 0.124 0.285 1
-4.2 0.154 0.329 1
-3.8 0.188 0.375 1
-3.4 0.226 0.422 1
-3 0.267 0.469 1
-2.6 0.311 0.515 1
-2.2 0.358 0.56 1
-1.8 0.407 0.603 1
-1.4 0.458 0.642 1
-1 0.509 0.677 1.11
-0.6 0.56 0.708 1.13
-0.2 0.611 0.734 1.16
0.2 0.66 0.755 1.2
0.6 0.707 0.772 1.24
1 0.752 0.783 1.28
1.4 0.793 0.791 1.33
1.8 0.832 0.796 1.37
2.2 0.867 0.8 1.41
2.6 0.899 0.801 1.44
3 0.93 0.802 1.45
3.4 0.959 0.802 1.45
3.8 0.986 0.801 1.43
4.2 1.01 0.801 1.39
4.6 1.04 0.802 1.33
5 1.07 0.802 1.26
5.4 1.1 0.801 1.17
5.8 1.13 0.8 1.08
6.2 1.17 0.796 0.975
6.6 1.21 0.791 0.872
7 1.25 0.783 0.772
7.4 1.29 0.772 0.678
7.8 1.34 0.755 0.591
8.2 1.39 0.734 0.512
8.6 1.44 0.708 0.441
9 1.49 0.677 0.378
9.4 1.54 0.642 0.32
9.8 1.59 0.603 0.27
10.2 1.64 0.56 0.225
10.6 1.69 0.515 0.186
11 1.73 0.469 0.153
11.4 1.77 0.422 0.123
11.8 1.81 0.375 0.0996
12.2 1.85 0.329 0.0804
12.6 1.88 0.285 0.0641
13 1.9 0.243 0.0495
13.4 1.92 0.204 0.0369
13.8 1.94 0.168 0.0271
14.2 1.96 0.137 0.0195
14.6 1.97 0.109 0.0138
15 1.98 0.0856 0.00966
15.4 1.99 0.0653 0.00666
15.8 1.99 0.0481 0.00456
16.2 2 0.0352 0.0031
16.6 2 0.0245 0.00209
17 2 0.0167 0.00141
17.4 2 0.00888 0.000951
17.8 2 0.00482 0.00064
18.2 2 0.002 0.000429
18.6 2 0.000387 0.000288
19 2 0 0.000194
19.4 2 0 0.00013
19.8 2 0 8.7e-05
20.2 2 0 5.84e-05
20.6 2 0 3.91e-05
21 2 0 2.62e-05
21.4 2 0 1.76e-05
21.8 2 0 1.18e-05
22.2 2 0 7.91e-06
22.6 2 0 5.3e-06
23 2 0 3.55e-06
23.4 2 0 2.38e-06
23.8 2 0 1.59e-06
24.2 2 0 1.07e-06
24.6 2 0 7.17e-07
25 2 0 4.81e-07
25.4 2 0 3.22e-07
25.8 2 0 2.16e-07
26.2 2 0 1.45e-07
26.6 2 0 9.7e-08
27 2 0 6.5e-08
27.4 2 0 4.36e-08
27.8 2 0 2.92e-08
28.2 2 0 1.96e-08
28.6 2 0 1.31e-08
29 2 0 8.81e-09
29.4 2 0 5.9e-09
29.8 2 0 3.96e-09
30.2 2 0 2.65e-09
30.6 2 0 1.78e-09
31 2 0 1.19e-09
31.4 2 0 7.98e-10
31.8 2 0 5.35e-10
32.2 2 0 3.59e-10
32.6 2 0 2.41e-10
33 2 0 1.61e-10
33.4 2 0 1.08e-10
33.8 2 0 7.25e-11
34.2 2 0 4.86e-11
34.6 2 0 3.25e-11
35 2 0 2.18e-11
35.4 2 0 1.46e-11
35.8 2 0 9.81e-12
36.2 2 0 6.57e-12
36.6 2 0 4.4e-12
37 2 0 2.95e-12
37.4 2 0 1.98e-12
37.8 2 0 1.33e-12
38.2 2 0 8.89e-13
38.6 2 0 5.96e-13
39 2 0 4e-13
39.4 2 0 2.68e-13
39.8 2 0 1.8e-13
40.2 2 0 1.2e-13
40.6 2 0 8.07e-14
41 2 0 5.41e-14
41.4 2 0 3.63e-14
41.8 2 0 2.43e-14
42.2 2 0 1.63e-14
42.6 2 0 1.09e-14
43 2 0 7.06e-15
43.5 2 1.38e-11 4.41e-15
44 2 4.26e-11 2.72e-15
44.4 2 7.61e-11 1.77e-15
44.8 2 1.14e-10 1.17e-15
45.3 2 1.55e-10 7.47e-16
45.7 2 1.99e-10 4.81e-16
46.1 2 2.43e-10 3.3e-16
46.5 2 2.88e-10 2.21e-16
46.9 2 3.33e-10 1.48e-16
47.3 2 3.76e-10 9.93e-17
47.7 2 4.16e-10 6.65e-17
48.1 2 4.53e-10 4.46e-17
48.5 2 4.87e-10 2.99e-17
48.9 2 5.14e-10 2.01e-17
49.3 2 5.36e-10 1.34e-17
49.7 2 5.5e-10 9.01e-18
50.1 2 5.55e-10 6.04e-18
50.5 2 5.51e-10 4.05e-18
50.9 2 5.38e-10 2.71e-18
51.3 2 5.14e-10 1.82e-18
51.7 2 5.14e-10 1.22e-18
52.1 2 5.14e-10 8.18e-19
52.5 2 5.14e-10 5.48e-19
52.9 2 5.14e-10 3.67e-19
53.3 2 5.14e-10 2.46e-19
53.7 2 5.14e-10 1.65e-19
54.1 2 5.14e-10 1.11e-19
54.5 2 5.14e-10 7.42e-20
54.9 2 5.14e-10 4.97e-20
55.3 2 5.14e-10 3.33e-20
55.7 2 5.14e-10 2.23e-20
56.1 2 5.14e-10 1.5e-20
56.5 2 5.14e-10 1e-20
56.9 2 5.14e-10 6.73e-21
57.3 2 5.14e-10 4.51e-21
57.7 2 5.14e-10 3.02e-21
58.1 2 5.14e-10 2.02e-21
58.5 2 5.14e-10 1.36e-21
58.9 2 5.14e-10 9.1e-22
59.3 2 5.14e-10 6.1e-22
59.7 2 5.14e-10 4.09e-22
60.1 2 5.14e-10 2.74e-22
60.5 2 5.14e-10 1.84e-22
60.9 2 5.14e-10 1.23e-22
61.3 2 5.14e-10 8.26e-23
61.7 2 5.14e-10 5.54e-23
62.1 2 5.14e-10 3.71e-23
62.5 2 5.14e-10 2.49e-23
62.9 2 5.14e-10 1.67e-23
63.3 2 5.14e-10 1.12e-23
63.7 2 5.14e-10 7.48e-24
64.1 2 5.14e-10 5.02e-24
64.5 2 5.14e-10 3.36e-24
64.9 2 5.14e-10 2.26e-24
65.3 2 5.14e-10 1.51e-24
65.7 2 5.14e-10 1.01e-24
66.1 2 5.14e-10 6.8e-25
66.5 2 5.14e-10 4.56e-25
66.9 2 5.14e-10 3.05e-25
67.3 2 5.14e-10 2.05e-25
67.7 2 5.14e-10 1.37e-25
68.1 2 5.14e-10 9.2e-26
68.5 2 5.14e-10 6.16e-26
68.9 2 5.14e-10 4.13e-26
69.3 2 5.14e-10 2.77e-26
69.7 2 5.14e-10 1.86e-26
70.1 2 5.14e-10 1.24e-26
70.5 2 5.14e-10 8.34e-27
70.9 2 5.14e-10 5.59e-27
71.3 2 5.14e-10 3.75e-27
71.7 2 5.14e-10 2.51e-27
72.1 2 5.14e-10 1.68e-27
72.5 2 5.14e-10 1.13e-27
72.9 2 5.14e-10 7.57e-28
73.3 2 5.14e-10 5.07e-28
73.7 2 5.14e-10 3.4e-28
74.1 2 5.14e-10 2.28e-28
74.5 2 5.14e-10 1.53e-28
74.9 2 5.14e-10 1.02e-28
75.3 2 5.14e-10 6.86e-29
75.7 2 5.14e-10 4.6e-29
76.1 2 5.14e-10 3.09e-29
76.5 2 5.14e-10 2.07e-29
76.9 2 5.14e-10 1.39e-29
77.3 2 5.14e-10 9.29e-30
77.7 2 5.14e-10 6.23e-30
78.1 2 5.14e-10 4.17e-30
78.5 2 5.14e-10 2.8e-30
78.9 2 5.14e-10 1.88e-30
79.3 2 5.14e-10 1.26e-30
79.7 2 5.14e-10 8.43e-31
80.1 2 5.14e-10 5.65e-31
80.5 2 5.14e-10 3.79e-31
80.9 2 5.14e-10 2.54e-31
81.3 2 5.14e-10 1.7e-31
81.7 2 5.14e-10 1.14e-31
82.1 2 5.14e-10 7.65e-32
82.5 2 5.14e-10 5.13e-32
82.9 2 5.14e-10 3.44e-32
83.3 2 5.14e-10 2.3e-32
83.7 2 5.14e-10 1.54e-32
84.1 2 5.14e-10 1.04e-32
84.5 2 5.14e-10 6.93e-33
84.9 2 5.14e-10 4.65e-33
85.3 2 5.14e-10 3.12e-33
85.7 2 5.14e-10 2.09e-33
86.1 2 5.14e-10 1.4e-33
86.5 2 5.14e-10 9.39e-34
86.9 2 5.14e-10 6.29e-34
87.3 2 5.14e-10 4.22e-34
87.7 2 5.14e-10 2.83e-34
88.1 2 5.14e-10 1.89e-34
88.5 2 5.14e-10 1.27e-34
88.9 2 5.14e-10 8.52e-35
89.3 2 5.14e-10 5.71e-35
89.7 2 5.14e-10 3.83e-35
90.1 2 5.14e-10 2.57e-35
90.5 2 5.14e-10 1.72e-35
90.9 2 5.14e-10 1.15e-35
91.3 2 5.14e-10 7.73e-36
91.7 2 5.14e-10 5.18e-36
92.1 2 5.14e-10 3.47e-36
92.5 2 5.14e-10 2.33e-36
92.9 2 5.14e-10 1.56e-36
93.3 2 5.14e-10 1.05e-36
93.7 2 5.14e-10 7.01e-37
94.1 2 5.14e-10 4.69e-37
94.5 2 5.14e-10 3.15e-37
94.9 2 5.14e-10 2.11e-37
95.3 2 5.14e-10 1.42e-37
95.7 2 5.14e-10 9.49e-38
96.1 2 5.14e-10 6.37e-38
96.5 2 5.14e-10 4.26e-38
96.9 2 5.14e-10 2.86e-38
97.3 2 5.14e-10 1.91e-38
97.7 2 5.14e-10 1.28e-38
98.1 2 5.14e-10 8.6e-39
98.5 2 5.14e-10 5.77e-39
98.9 2 5.14e-10 3.87e-39
99.3 2 5.14e-10 2.51e-39
99.7 2 5.14e-10 1.78e-39
