-6.3 0.022 0 0.965 0 0 0
-6.2 0.0247 0 0.966 0 0 0
-6.1 0.0275 0 0.967 0 0 0
-6 0.0305 0 0.968 0 0 0
-5.9 0.0337 0 0.969 0 0 0
-5.8 0.037 0 0.97 0 0 0
-5.7 0.0406 0 0.97 0 0 0
-5.6 0.0443 0 0.974 0 0 0
-5.5 0.0483 0 0.97 0 0 0
-5.4 0.0525 0 0.967 0 0 0
-5.3 0.0569 0 0.965 0 0 0
-5.2 0.0614 0 0.964 0 0 0
-5.1 0.0663 0 0.964 0 0 0
-5 0.0714 0 0.964 0 0 0
-4.9 0.0768 0 0.964 0 0 0
-4.8 0.0824 0 0.964 0 0 0
-4.7 0.0882 0 0.964 0 0 0
-4.6 0.0942 0 0.965 0 0 0
-4.5 0.1 0 0.966 0 0 0
-4.4 0.107 0 0.967 0 0 0
-4.3 0.114 0 0.968 0 0 0
-4.2 0.121 0 0.97 0 0 0
-4.1 0.128 0 0.973 0 0 0
-4 0.135 0 0.977 0 0 0
-3.9 0.143 0 0.979 0 0 0
-3.8 0.151 0 0.981 0 0 0
-3.7 0.16 0 0.98 0 0 0
-3.6 0.169 0 0.981 0 0 0
-3.5 0.177 0 0.981 0 0 0
-3.4 0.187 0 0.98 0 0 0
-3.3 0.196 0 0.979 0 0 0
-3.2 0.206 0 0.979 0 0 0
-3.1 0.215 0 0.98 0 0 0
-3 0.225 0 0.983 0 0 0
-2.9 0.235 0 0.986 0 0 0
-2.8 0.245 0 0.989 0 0 0
-2.7 0.255 0 0.991 0 0 0
-2.6 0.266 0 0.995 0 0 0
-2.5 0.276 0 0.999 0 0 0
-2.4 0.287 0 1 0 0 0
-2.3 0.298 0 1.01 0 0 0
-2.2 0.309 0 1.01 0 0 0
-2.1 0.321 0 1.02 0 0 0
-2 0.333 0 1.02 0 0 0
-1.9 0.344 0 1.03 0 0 0
-1.8 0.356 0 1.03 0 0 0
-1.7 0.369 0 1.03 0 0 0
-1.6 0.381 0 1.04 0 0 0
-1.5 0.393 0 1.04 0 0 0
-1.4 0.405 0 1.05 0 0 0
-1.3 0.418 0 1.06 0 0 0
-1.2 0.431 0 1.06 0 0 0
-1.1 0.443 0 1.07 0 0 0
-1 0.456 0 1.07 0 0 0
-0.9 0.469 0 1.08 0 0 0
-0.8 0.482 0 1.09 0 0 0
-0.7 0.495 0 1.1 0 0 0
-0.6 0.508 0 1.1 0 0 0
-0.4 0.533 0 1.09 0 0 0
-0.3 0.546 0 1.09 0 0 0
-0.2 0.559 0 1.1 0 0 0
-0.1 0.572 0 1.11 0 0 0
1.24e-14 0.585 0 1.12 0 0 0
0.1 0.598 0 1.13 0 0 0
0.2 0.611 0 1.14 0 0 0
0.3 0.623 0 1.15 0 0 0
0.4 0.636 0 1.16 0 0 0
0.5 0.648 0 1.17 0 0 0
0.6 0.661 0 1.18 0 0 0
0.7 0.673 0 1.2 0 0 0
0.8 0.685 0 1.21 0 0 0
0.9 0.698 0 1.22 0 0 0
1 0.709 0 1.23 0 0 0
1.1 0.721 0 1.24 0 0 0
1.2 0.733 0 1.25 0 0 0
1.3 0.744 0 1.26 0 0 0
1.4 0.755 0 1.27 0 0 0
1.5 0.766 0 1.29 0 0 0
1.6 0.777 0 1.3 0 0 0
1.7 0.787 0 1.31 0 0 0
1.8 0.796 0 1.32 0 0 0
1.9 0.806 0 1.33 0 0 0
2 0.815 0 1.34 0 0 0
2.1 0.824 0 1.36 0 0 0
2.2 0.833 0 1.37 0 0 0
2.3 0.842 0 1.38 0 0 0
2.4 0.851 0 1.39 0 0 0
2.5 0.859 0 1.4 0 0 0
2.6 0.868 0 1.41 0 0 0
2.7 0.876 0 1.42 0 0 0
2.8 0.884 0 1.43 0 0 0
2.9 0.891 0 1.44 0 0 0
3 0.898 0 1.45 0 0 0
3.1 0.905 0 1.47 0 0 0
3.2 0.911 0 1.48 0 0 0
3.3 0.918 0 1.49 0 0 0
3.4 0.924 0 1.5 0 0 0
3.5 0.929 0 1.51 0 0 0
3.6 0.935 0 1.52 0 0 0
3.7 0.94 0 1.53 0 0 0
3.8 0.945 0 1.53 0 0 0
3.9 0.95 0 1.54 0 0 0
4 0.954 0 1.55 0 0 0
4.1 0.959 0 1.56 0 0 0
4.2 0.963 0 1.57 0 0 0
4.3 0.967 0 1.58 0 0 0
4.4 0.97 0 1.59 0 0 0
4.5 0.974 0 1.59 0 0 0
4.6 0.977 0 1.6 0 0 0
4.7 0.98 0 1.61 0 0 0
4.8 0.983 0 1.62 0 0 0
4.9 0.986 0 1.62 0 0 0
5 0.988 0 1.63 0 0 0
5.1 0.99 0 1.64 0 0 0
5.2 0.992 0 1.64 0 0 0
5.3 0.994 0 1.65 0 0 0
5.4 0.996 0 1.66 0 0 0
5.5 0.997 0 1.66 0 0 0
5.6 0.999 0 1.67 0 0 0
5.7 1 0 1.67 0 0 0
5.8 1 0 1.68 0 0 0
5.9 1 0 1.68 0 0 0
6 1 0 1.69 0 0 0
6.1 1 0 1.69 0 0 0
6.2 1 0 1.69 0 0 0
6.3 1 0 1.7 0 0 0
6.4 1.01 0 1.7 0 0 0
6.5 1.01 0 1.7 0 0 0
6.6 1.01 0 1.71 0 0 0
6.7 1 0 1.71 0 0 0
6.8 1 0 1.71 0 0 0
6.9 1 0 1.72 0 0 0
7 1 0 1.72 0 0 0
7.1 1 0 1.72 0 0 0
7.2 1 0 1.72 0 0 0
7.3 1 0 1.73 0 0 0
7.4 1 0 1.73 0 0 0
7.5 1 0 1.73 0 0 0
7.6 1 0 1.73 0 0 0
7.7 1 0 1.73 0 0 0
7.8 1 0 1.74 0 0 0
7.9 1 0 1.74 0 0 0
8 0.999 0 1.74 0 0 0
8.1 0.999 0 1.74 0 0 0
8.2 0.999 0 1.74 0 0 0
8.3 0.998 0 1.74 0 0 0
8.4 0.998 0 1.74 0 0 0
8.5 0.997 0 1.74 0 0 0
8.6 0.997 0 1.74 0 0 0
8.7 0.997 0 1.74 0 0 0
8.8 0.996 0 1.74 0 0 0
8.9 0.996 0 1.74 0 0 0
9 0.996 0 1.73 0 0 0
9.1 0.995 0 1.73 0 0 0
9.2 0.995 0 1.73 0 0 0
9.3 0.995 0 1.73 0 0 0
9.4 0.994 0 1.73 0 0 0
9.5 0.994 0 1.72 0 0 0
9.6 0.994 0 1.72 0 0 0
9.7 0.994 0 1.71 0 0 0
9.8 0.995 0 1.71 0 0 0
9.9 0.995 0 1.7 0 0 0
10 0.996 0 1.7 0 0 0
10.1 0.997 0 1.69 0 0 0
10.2 0.998 0 1.68 0 0 0
10.3 1 0 1.67 0 0 0
10.4 1 0 1.66 0 0 0
10.5 1 0 1.65 0 0 0
10.6 1 0 1.64 0 0 0
10.7 1.01 0 1.63 0 0 0
10.8 1.01 0 1.62 0 0 0
10.9 1.01 0 1.61 0 0 0
11 1.01 0 1.59 0 0 0
11.1 1.01 0 1.58 0 0 0
11.2 1.02 0 1.56 0 0 0
11.3 1.02 0 1.55 0 0 0
11.4 1.02 0 1.53 0 0 0
11.5 1.03 0 1.51 0 0 0
11.6 1.03 0 1.49 0 0 0
11.7 1.03 0 1.48 0 0 0
11.8 1.04 0 1.46 0 0 0
11.9 1.04 0 1.44 0 0 0
12 1.05 0 1.42 0 0 0
12.1 1.05 0 1.4 0 0 0
12.2 1.05 0 1.37 0 0 0
12.3 1.06 0 1.35 0 0 0
12.4 1.07 0 1.33 0 0 0
12.5 1.07 0 1.31 0 0 0
12.6 1.08 0 1.28 0 0 0
12.7 1.08 0 1.26 0 0 0
12.8 1.09 0 1.23 0 0 0
12.9 1.1 0 1.21 0 0 0
13 1.1 0 1.19 0 0 0
13.1 1.11 0 1.16 0 0 0
13.2 1.12 0 1.13 0 0 0
13.3 1.12 0 1.11 0 0 0
13.4 1.13 0 1.08 0 0 0
13.5 1.14 0 1.05 0 0 0
13.6 1.15 0 1.03 0 0 0
13.7 1.16 0 1 0 0 0
13.8 1.17 0 0.976 0 0 0
13.9 1.18 0 0.95 0 0 0
14 1.19 0 0.925 0 0 0
14.1 1.19 0 0.899 0 0 0
14.2 1.2 0 0.874 0 0 0
14.3 1.21 0 0.849 0 0 0
14.4 1.22 0 0.823 0 0 0
14.5 1.23 0 0.798 0 0 0
14.6 1.25 0 0.773 0 0 0
14.7 1.26 0 0.748 0 0 0
14.8 1.27 0 0.723 0 0 0
14.9 1.28 0 0.699 0 0 0
15 1.29 0 0.675 0 0 0
15.1 1.3 0 0.652 0 0 0
15.2 1.32 0 0.629 0 0 0
15.3 1.33 0 0.606 0 0 0
15.4 1.34 0 0.584 0 0 0
15.5 1.35 0 0.563 0 0 0
15.6 1.36 0 0.542 0 0 0
15.7 1.38 0 0.522 0 0 0
15.8 1.39 0 0.502 0 0 0
15.9 1.4 0 0.483 0 0 0
16 1.42 0 0.464 0 0 0
16.1 1.43 0 0.446 0 0 0
16.2 1.44 0 0.428 0 0 0
16.3 1.45 0 0.411 0 0 0
16.4 1.47 0 0.394 0 0 0
16.6 1.49 0 0.375 0 0 0
16.7 1.51 0 0.36 0 0 0
16.8 1.52 0 0.345 0 0 0
16.9 1.53 0 0.331 0 0 0
17 1.54 0 0.317 0 0 0
17.1 1.56 0 0.304 0 0 0
17.2 1.57 0 0.291 0 0 0
17.3 1.58 0 0.279 0 0 0
17.4 1.59 0 0.267 0 0 0
17.5 1.61 0 0.256 0 0 0
17.6 1.62 0 0.244 0 0 0
17.7 1.63 0 0.234 0 0 0
17.8 1.64 0 0.223 0 0 0
17.9 1.66 0 0.213 0 0 0
18 1.67 0 0.204 0 0 0
18.1 1.68 0 0.194 0 0 0
18.2 1.69 0 0.185 0 0 0
18.3 1.7 0 0.177 0 0 0
18.4 1.71 0 0.168 0 0 0
18.5 1.72 0 0.16 0 0 0
18.6 1.73 0 0.152 0 0 0
18.7 1.75 0 0.145 0 0 0
18.8 1.76 0 0.138 0 0 0
18.9 1.77 0 0.131 0 0 0
19 1.78 0 0.125 0 0 0
19.1 1.79 0 0.118 0 0 0
19.2 1.79 0 0.112 0 0 0
19.3 1.8 0 0.106 0 0 0
19.4 1.81 0 0.101 0 0 0
19.5 1.82 0 0.0954 0 0 0
19.6 1.83 0 0.0902 0 0 0
19.7 1.84 0 0.0851 0 0 0
19.8 1.85 0 0.0803 0 0 0
19.9 1.86 0 0.0754 0 0 0
20 1.87 0 0.0708 0 0 0
20.1 1.87 0 0.0665 0 0 0
20.2 1.88 0 0.0623 0 0 0
20.3 1.89 0 0.0584 0 0 0
20.4 1.89 0 0.0546 0 0 0
20.5 1.9 0 0.0511 0 0 0
20.6 1.91 0 0.0477 0 0 0
20.7 1.91 0 0.0445 0 0 0
20.8 1.92 0 0.0414 0 0 0
20.9 1.92 0 0.0385 0 0 0
21 1.93 0 0.0357 0 0 0
21.1 1.93 0 0.0331 0 0 0
21.2 1.94 0 0.0305 0 0 0
21.3 1.94 0 0.0282 0 0 0
21.4 1.95 0 0.026 0 0 0
21.5 1.95 0 0.024 0 0 0
21.6 1.96 0 0.0221 0 0 0
21.7 1.96 0 0.0201 0 0 0
21.8 1.96 0 0.0183 0 0 0
21.9 1.97 0 0.0166 0 0 0
22 1.97 0 0.015 0 0 0
22.1 1.97 0 0.0134 0 0 0
22.2 1.98 0 0.012 0 0 0
22.3 1.98 0 0.0107 0 0 0
22.4 1.98 0 0.00949 0 0 0
22.5 1.98 0 0.00834 0 0 0
22.6 1.99 0 0.00729 0 0 0
22.7 1.99 0 0.00627 0 0 0
22.8 1.99 0 0.00533 0 0 0
22.9 1.99 0 0.00447 0 0 0
23 1.99 0 0.00364 0 0 0
23.1 1.99 0 0.00285 0 0 0
23.2 2 0 0.0022 0 0 0
23.3 2 0 0.00164 0 0 0
23.4 2 0 0.00117 0 0 0
23.5 2 0 0.000689 0 0 0
23.6 2 0 0.000433 0 0 0
23.7 2 0 0.000254 0 0 0
23.8 2 0 0 0 0 0
23.9 2 0 0 0 0 0
24 2 0 0 0 0 0
24.1 2 0 0 0 0 0
24.2 2 0 0 0 0 0
24.3 2 0 0 0 0 0
24.4 2 0 0 0 0 0
24.5 2 0 0 0 0 0
24.6 2 0 0 0 0 0
24.7 2 0 0 0 0 0
24.8 2 0 0 0 0 0
24.9 2 0 0 0 0 0
25 2 0 0 0 0 0
25.1 2 0 0 0 0 0
25.2 2 0 0 0 0 0
25.3 2 0 0 0 0 0
25.4 2 0 0 0 0 0
25.5 2 0 0 0 0 0
25.6 2 0 0 0 0 0
25.7 2 0 0 0 0 0
25.8 2 0 0 0 0 0
25.9 2 0 0 0 0 0
26 2 0 0 0 0 0
