-10.4 0.0203 0 1 0 0 0
-10 0.0249 0 1 0 0 0
-9.6 0.0304 0 1 0 0 0
-9.2 0.0369 0 1 0 0 0
-8.8 0.0447 0 1 0 0 0
-8.4 0.0538 0 1 0 0 0
-8 0.0645 0 1 0 0 0
-7.6 0.077 0 1 0 0 0
-7.2 0.0912 0 1 0 0 0
-6.8 0.107 0 1 0 0 0
-6.4 0.126 0 1 0 0 0
-6 0.146 0 1 0 0 0
-5.6 0.169 0 1 0 0 0
-5.2 0.194 0 1 0 0 0
-4.8 0.221 0 1 0 0 0
-4.4 0.25 0 1 0 0 0
-4 0.281 0 1 0 0 0
-3.6 0.314 0 1 0 0 0
-3.2 0.349 0 1 0 0 0
-2.8 0.385 0 1 0 0 0
-2.4 0.422 0 1 0 0 0
-2 0.459 0 1 0 0 0
-1.6 0.497 0 1 0 0 0
-1.2 0.535 0 1 0 0 0
-0.8 0.573 0 1 0 0 0
-0.4 0.61 0 1 0 0 0
1.24e-14 0.647 0 1 0 0 0
0.4 0.682 0 1 0 0 0
0.8 0.715 0 1 0 0 0
1.2 0.747 0 1 0 0 0
1.6 0.777 0 1.1 0 0 0
2 0.804 0 1.11 0 0 0
2.4 0.83 0 1.11 0 0 0
2.8 0.853 0 1.11 0 0 0
3.2 0.874 0 1.12 0 0 0
3.6 0.893 0 1.12 0 0 0
4 0.91 0 1.12 0 0 0
4.4 0.925 0 1.13 0 0 0
4.8 0.938 0 1.13 0 0 0
5.2 0.949 0 1.13 0 0 0
5.6 0.959 0 1.13 0 0 0
6 0.968 0 1.13 0 0 0
6.4 0.976 0 1.12 0 0 0
6.8 0.982 0 1.12 0 0 0
7.2 0.989 0 1.12 0 0 0
7.6 0.994 0 1.12 0 0 0
8 1 0 1.11 0 0 0
8.4 1.01 0 1.1 0 0 0
8.8 1.01 0 1.09 0 0 0
9.2 1.02 0 1.08 0 0 0
9.6 1.02 0 1.07 0 0 0
10 1.03 0 1.06 0 0 0
10.4 1.04 0 1.04 0 0 0
10.8 1.05 0 1.02 0 0 0
11.2 1.06 0 0.995 0 0 0
11.6 1.08 0 0.968 0 0 0
12 1.09 0 0.938 0 0 0
12.4 1.11 0 0.904 0 0 0
12.8 1.13 0 0.868 0 0 0
13.2 1.15 0 0.828 0 0 0
13.6 1.17 0 0.787 0 0 0
14 1.2 0 0.743 0 0 0
14.4 1.22 0 0.698 0 0 0
14.8 1.25 0 0.652 0 0 0
15.2 1.29 0 0.606 0 0 0
15.6 1.32 0 0.559 0 0 0
16 1.35 0 0.514 0 0 0
16.4 1.39 0 0.469 0 0 0
16.8 1.43 0 0.426 0 0 0
17.2 1.46 0 0.386 0 0 0
17.6 1.5 0 0.347 0 0 0
18 1.54 0 0.31 0 0 0
18.4 1.58 0 0.276 0 0 0
18.8 1.62 0 0.245 0 0 0
19.2 1.65 0 0.216 0 0 0
19.6 1.69 0 0.189 0 0 0
20 1.72 0 0.165 0 0 0
20.4 1.75 0 0.144 0 0 0
20.8 1.78 0 0.124 0 0 0
21.2 1.81 0 0.107 0 0 0
21.6 1.83 0 0.0916 0 0 0
22 1.85 0 0.078 0 0 0
22.4 1.87 0 0.0662 0 0 0
22.8 1.89 0 0.056 0 0 0
23.2 1.91 0 0.0472 0 0 0
23.6 1.92 0 0.0396 0 0 0
24 1.94 0 0.0331 0 0 0
24.4 1.95 0 0.0276 0 0 0
24.8 1.96 0 0.023 0 0 0
25.2 1.96 0 0.0191 0 0 0
25.6 1.97 0 0.0158 0 0 0
26 1.97 0 0.013 0 0 0
26.4 1.98 0 0.0108 0 0 0
26.8 1.98 0 0.00887 0 0 0
27.2 1.99 0 0.00731 0 0 0
27.6 1.99 0 0.006 0 0 0
28 1.99 0 0.00493 0 0 0
28.4 1.99 0 0.00405 0 0 0
28.8 1.99 0 0.00333 0 0 0
29.2 2 0 0.00273 0 0 0
29.6 2 0 0.00224 0 0 0
30 2 0 0.00184 0 0 0
30.4 2 0 0.0015 0 0 0
30.8 2 0 0.00123 0 0 0
31.2 2 0 0.00101 0 0 0
31.6 2 0 0.000828 0 0 0
32 2 0 0.000679 0 0 0
32.4 2 0 0.000556 0 0 0
32.8 2 0 0.000455 0 0 0
33.2 2 0 0.000373 0 0 0
33.6 2 0 0.000305 0 0 0
34 2 0 0.00025 0 0 0
34.4 2 0 0.000205 0 0 0
34.8 2 0 0.000168 0 0 0
35.2 2 0 0.000137 0 0 0
35.6 2 0 0.000113 0 0 0
36 2 0 9.21e-05 0 0 0
36.4 2 0 7.54e-05 0 0 0
36.8 2 0 6.16e-05 0 0 0
37.2 2 0 5.05e-05 0 0 0
37.6 2 0 4.14e-05 0 0 0
38 2 0 3.39e-05 0 0 0
38.4 2 0 2.77e-05 0 0 0
38.8 2 0 2.27e-05 0 0 0
39.2 2 0 1.86e-05 0 0 0
39.6 2 0 1.52e-05 0 0 0
40 2 0 1.25e-05 0 0 0
40.4 2 0 1.02e-05 0 0 0
40.8 2 0 8.36e-06 0 0 0
41.2 2 0 6.84e-06 0 0 0
41.6 2 0 5.6e-06 0 0 0
42 2 0 4.59e-06 0 0 0
42.4 2 0 3.75e-06 0 0 0
42.8 2 0 3.07e-06 0 0 0
43.2 2 0 2.52e-06 0 0 0
43.6 2 0 2.06e-06 0 0 0
44 2 0 1.69e-06 0 0 0
44.4 2 0 1.38e-06 0 0 0
44.8 2 0 1.13e-06 0 0 0
45.2 2 0 9.26e-07 0 0 0
45.6 2 0 7.58e-07 0 0 0
46 2 0 6.21e-07 0 0 0
46.4 2 0 5.08e-07 0 0 0
46.8 2 0 4.16e-07 0 0 0
47.2 2 0 3.41e-07 0 0 0
47.6 2 0 2.79e-07 0 0 0
48 2 0 2.28e-07 0 0 0
48.4 2 0 1.87e-07 0 0 0
48.8 2 0 1.53e-07 0 0 0
49.2 2 0 1.25e-07 0 0 0
49.6 2 0 1.03e-07 0 0 0
50 2 0 8.4e-08 0 0 0
50.4 2 0 6.88e-08 0 0 0
50.8 2 0 5.63e-08 0 0 0
51.2 2 0 4.61e-08 0 0 0
51.6 2 0 3.78e-08 0 0 0
52 2 0 3.09e-08 0 0 0
52.4 2 0 2.53e-08 0 0 0
52.8 2 0 2.07e-08 0 0 0
53.2 2 0 1.7e-08 0 0 0
53.6 2 0 1.39e-08 0 0 0
54 2 0 1.14e-08 0 0 0
54.4 2 0 9.3e-09 0 0 0
54.8 2 0 7.62e-09 0 0 0
55.2 2 0 6.23e-09 0 0 0
55.6 2 0 5.11e-09 0 0 0
56 2 0 4.18e-09 0 0 0
56.4 2 0 3.42e-09 0 0 0
56.8 2 0 2.8e-09 0 0 0
57.2 2 0 2.3e-09 0 0 0
57.6 2 0 1.88e-09 0 0 0
58 2 0 1.54e-09 0 0 0
58.4 2 0 1.26e-09 0 0 0
58.8 2 0 1.03e-09 0 0 0
59.2 2 0 8.45e-10 0 0 0
59.6 2 0 6.91e-10 0 0 0
60 2 0 5.66e-10 0 0 0
60.4 2 0 4.63e-10 0 0 0
60.8 2 0 3.79e-10 0 0 0
61.2 2 0 3.11e-10 0 0 0
61.6 2 0 2.54e-10 0 0 0
62 2 0 2.08e-10 0 0 0
62.4 2 0 1.7e-10 0 0 0
62.8 2 0 1.4e-10 0 0 0
63.2 2 0 1.14e-10 0 0 0
63.6 2 0 9.35e-11 0 0 0
64 2 0 7.66e-11 0 0 0
64.4 2 0 6.3e-11 0 0 0
64.8 2 0 5.13e-11 0 0 0
65.2 2 0 4.06e-11 0 0 0
65.9 2 0 3.11e-11 0 0 0
66.3 2 0 2.3e-11 0 0 0
67.1 2 0 1.73e-11 0 0 0
67.6 2 0 1.16e-11 0 0 0
69 2 0 6.88e-12 0 0 0
70.7 2 0 3.15e-12 0 0 0
72 2 0 1.37e-12 0 0 0
72.6 2 0 8.47e-13 0 0 0
73.5 2 0 6.63e-13 0 0 0
74.2 2 0 4.75e-13 0 0 0
74.9 2 0 3.17e-13 0 0 0
76.1 2 0 2e-13 0 0 0
76.8 2 0 1.16e-13 0 0 0
77.8 2 0 7.77e-14 0 0 0
78.9 2 0 5.1e-14 0 0 0
79.7 2 0 3.03e-14 0 0 0
80.7 2 0 1.98e-14 0 0 0
81.1 2 0 1.36e-14 0 0 0
81.9 2 0 9.99e-15 0 0 0
82.5 2 0 6.56e-15 0 0 0
84.2 2 0 3.77e-15 0 0 0
85.1 2 0 1.97e-15 0 0 0
86.4 2 0 1.08e-15 0 0 0
87.9 2 0 6.13e-16 0 0 0
88.5 2 0 3.42e-16 0 0 0
89.3 2 0 2.02e-16 0 0 0
90.4 2 0 1.64e-16 0 0 0
